107 88.084739
1684 86.035620
3437 79.360884
0 62.403589
1912 44.691523
348 25.823306
686 22.430455
3980 14.710672
414 12.533857
698 7.913522
483 7.843666
3830 7.542851
2313 6.722048
376 5.867141
2047 5.735329
828 4.658977
25 4.608977
563 4.535496
322 4.513975
56 4.373374
1888 4.343709
3596 4.297811
713 4.223113
1964 4.100372
119 4.080294
1730 4.076993
1505 4.037027
475 4.029729
428 4.025001
1472 4.015461
2863 3.952491
2839 3.912347
1800 3.912177
2951 3.896807
271 3.799767
67 3.777451
705 3.694837
3545 3.685904
1783 3.684997
2724 3.667954
1663 3.641727
3938 3.635853
171 3.603195
917 3.595410
1352 3.592786
3256 3.570487
2730 3.517893
3521 3.505934
1431 3.492816
1768 3.492581
3684 3.445691
896 3.389906
1277 3.359834
3280 3.350168
2384 3.343040
3442 3.328428
3363 3.305900
277 3.305818
2133 3.300818
3291 3.298881
26 3.276780
805 3.245229
2111 3.217600
3019 3.210296
2126 3.189841
1827 3.168041
3320 3.139558
252 3.119669
412 3.111191
1199 3.104479
2742 3.096194
3233 3.094656
3918 3.079832
2543 3.079829
312 3.063195
373 3.058706
3101 3.051975
3397 3.043770
3077 3.035448
1703 3.016424
719 3.001798
3263 2.994433
3090 2.990259
592 2.952182
1536 2.948281
1835 2.945570
239 2.924314
2289 2.917901
745 2.908104
122 2.899967
21 2.894171
3154 2.878201
2754 2.870193
1070 2.856620
3082 2.854277
3756 2.851678
3584 2.851302
513 2.833037
3506 2.829791
3633 2.825161
3426 2.803533
1584 2.798626
517 2.790653
747 2.789634
353 2.788089
1589 2.770532
2716 2.765139
856 2.762385
2199 2.756953
484 2.754650
1086 2.748355
824 2.723285
579 2.721814
3495 2.718244
2081 2.711906
3838 2.704134
3366 2.682123
9 2.666687
2558 2.665361
2087 2.664537
3214 2.664276
1687 2.661755
2328 2.661671
1358 2.655741
2347 2.654896
1126 2.648340
1377 2.632948
3116 2.632115
2266 2.627524
1235 2.627278
3162 2.599140
1746 2.595385
1577 2.595303
694 2.591442
363 2.590184
203 2.577052
3793 2.573246
1804 2.563842
3604 2.561135
366 2.558188
1469 2.554593
1612 2.548934
630 2.547215
1104 2.537232
2283 2.531067
2719 2.519418
2333 2.510785
1591 2.505345
2054 2.503910
1085 2.503809
1390 2.496793
637 2.496106
3327 2.492167
580 2.488853
3455 2.482137
823 2.470509
4023 2.467632
3051 2.466513
1833 2.462212
1376 2.459179
3136 2.451424
3948 2.446828
460 2.441795
200 2.434902
2598 2.431252
1459 2.382619
3434 2.363178
1471 2.349121
830 2.347790
1204 2.344437
1345 2.337090
1707 2.326547
3851 2.316568
3324 2.315710
1621 2.308497
1559 2.305940
3002 2.294008
925 2.289376
3825 2.285079
500 2.284646
2282 2.282169
1366 2.277045
3672 2.274020
1786 2.272999
3168 2.265081
1714 2.262365
2966 2.259136
2778 2.253463
1583 2.251695
2786 2.246472
504 2.245834
2877 2.243017
559 2.242656
2642 2.239753
3076 2.238507
136 2.236244
1610 2.234625
3680 2.234049
1014 2.233914
553 2.232386
697 2.231031
3593 2.229262
41 2.220393
3232 2.217503
1960 2.198726
538 2.198172
2142 2.196767
3611 2.194293
532 2.192095
1399 2.191893
2361 2.189903
2944 2.188321
2904 2.186192
1322 2.185513
1338 2.185053
1078 2.184372
3038 2.182871
4030 2.179620
781 2.178255
422 2.173077
2661 2.171209
315 2.170616
3629 2.165028
3758 2.164660
1613 2.163726
280 2.158003
3617 2.157793
465 2.142644
1831 2.142482
3677 2.136863
3924 2.135084
188 2.132966
1630 2.129309
1926 2.119146
1909 2.113898
2793 2.109350
1844 2.107677
1725 2.107059
1551 2.104772
1622 2.102473
1211 2.093901
3027 2.092297
1709 2.089360
497 2.088747
2738 2.081816
304 2.078979
531 2.075967
2187 2.070942
946 2.067979
3546 2.066613
23 2.064740
3662 2.058831
175 2.058551
784 2.049050
3295 2.047716
1360 2.047578
2007 2.046254
2611 2.042988
1941 2.040529
561 2.040484
1367 2.038046
1391 2.036612
1192 2.033561
170 2.027900
1718 2.025996
3930 2.021176
3829 2.017799
2336 2.014947
2032 2.012749
1839 2.009161
3026 2.007302
1259 2.005800
3198 2.001115
199 1.997927
3396 1.997579
285 1.997540
573 1.997175
19 1.996404
1729 1.993498
53 1.989328
3690 1.988901
3360 1.984451
2488 1.978780
3804 1.977536
2176 1.975369
724 1.970020
3577 1.969416
3035 1.969243
1462 1.968242
1945 1.964839
1032 1.964128
3906 1.963774
2129 1.962618
2038 1.962093
1574 1.960642
1642 1.958118
3150 1.955520
3586 1.953432
1871 1.951271
115 1.950351
1238 1.950058
2364 1.949196
1059 1.945731
2986 1.944431
703 1.937979
3084 1.937703
1159 1.937580
2117 1.933962
2915 1.930072
3365 1.929982
1985 1.928341
2171 1.924029
2949 1.917352
1813 1.915396
3553 1.915383
2956 1.915365
389 1.911191
1554 1.906555
2668 1.904091
2509 1.902777
833 1.899568
2233 1.895785
3330 1.894136
1504 1.889583
395 1.888684
1876 1.888024
431 1.886415
1447 1.885686
1052 1.882276
1983 1.881260
1320 1.880386
1041 1.880370
3945 1.877313
3017 1.874586
1666 1.873780
1573 1.873316
506 1.872423
3568 1.871315
2068 1.870953
3529 1.868068
2669 1.865840
2782 1.865154
1275 1.860249
1555 1.857848
1972 1.857264
2410 1.854713
3412 1.853112
1184 1.852176
370 1.848358
3078 1.847393
3201 1.846764
2229 1.844556
1628 1.840736
1006 1.835899
3501 1.834998
3350 1.834208
1806 1.831588
3387 1.831348
143 1.829653
566 1.825562
1557 1.824652
853 1.822632
40 1.822350
688 1.819557
436 1.819045
1742 1.818940
3060 1.817715
3000 1.815088
3968 1.815020
1951 1.813514
3488 1.811151
2049 1.811038
1702 1.809970
2412 1.807258
2683 1.806940
3971 1.806762
1304 1.806400
3302 1.804129
3104 1.802824
654 1.802219
2206 1.802017
2292 1.801050
1899 1.796369
1995 1.792603
3599 1.792041
2510 1.790612
3172 1.789535
1136 1.786928
2511 1.786448
3152 1.786266
3877 1.786204
2901 1.786010
3087 1.785515
2526 1.782333
2679 1.780020
2890 1.777980
1604 1.776721
2927 1.776321
3921 1.774050
2138 1.773703
3369 1.772531
3385 1.768078
606 1.762467
1307 1.758396
3274 1.756111
2153 1.753524
3799 1.751813
3267 1.751595
332 1.749369
2748 1.748656
3861 1.748064
1479 1.747062
1799 1.740676
1736 1.738926
2218 1.737713
525 1.734788
2836 1.729989
3734 1.729074
3464 1.728468
437 1.727776
400 1.723709
2694 1.723022
3456 1.720754
3417 1.720072
3616 1.719706
827 1.715158
2555 1.714707
3790 1.712477
2916 1.712226
770 1.710543
2236 1.710128
2309 1.707869
432 1.707762
2448 1.706980
98 1.706529
2865 1.706513
3998 1.705871
3187 1.705506
438 1.705295
3072 1.703898
1770 1.703077
980 1.700320
2419 1.698603
3351 1.698539
2072 1.696850
3185 1.695622
885 1.694719
1017 1.694624
2999 1.694199
1516 1.691067
1427 1.690748
507 1.689922
2507 1.688603
2960 1.688204
1993 1.688035
1761 1.687917
567 1.686118
1331 1.682027
2102 1.681576
3252 1.681299
2123 1.678806
3951 1.676256
227 1.675676
596 1.670785
1185 1.670761
2078 1.669313
455 1.668410
397 1.667987
990 1.667864
374 1.666173
732 1.661854
2037 1.661084
3933 1.660021
2302 1.659119
2317 1.657791
544 1.657283
1347 1.656222
3679 1.655558
1661 1.655064
186 1.652693
1791 1.652483
1910 1.648881
3610 1.648361
617 1.647661
2335 1.643597
3966 1.641725
1236 1.640609
272 1.639630
1525 1.639263
1522 1.636861
1283 1.636043
2240 1.635839
728 1.634537
2464 1.634076
3342 1.633317
2325 1.633130
993 1.632154
1567 1.630499
1975 1.630424
2031 1.630077
2560 1.627709
230 1.627399
806 1.624823
2224 1.624720
695 1.624370
172 1.624206
3140 1.620920
2183 1.618962
3033 1.617605
1329 1.616968
1227 1.616863
3824 1.616751
2088 1.616414
3207 1.613894
2602 1.613736
1980 1.613445
3640 1.612710
800 1.610890
346 1.610656
3538 1.610004
1807 1.608320
2906 1.607761
2244 1.607112
930 1.606643
2943 1.606103
2149 1.605702
2340 1.602990
2928 1.602838
3836 1.601124
1420 1.598830
3345 1.598715
3132 1.598539
3490 1.597071
2131 1.596412
2294 1.595702
58 1.595017
1893 1.594718
3558 1.592295
2428 1.590944
1173 1.590650
2590 1.588884
3797 1.588263
1080 1.587820
3628 1.587024
3248 1.586689
261 1.586227
3738 1.584231
1256 1.579652
1222 1.579604
4031 1.578486
2268 1.577853
1837 1.576577
2073 1.575055
2091 1.574591
3449 1.573158
2001 1.572333
1146 1.571256
3810 1.570666
2542 1.569036
1973 1.568918
3549 1.567363
3200 1.566952
2211 1.565991
1943 1.565812
1820 1.565508
1064 1.564307
834 1.563985
2344 1.563144
3469 1.562247
2755 1.561225
1923 1.561078
3740 1.560992
2369 1.560987
2629 1.560958
3794 1.560875
1598 1.559854
2371 1.559609
2172 1.559587
1620 1.559326
3791 1.555754
3782 1.555445
339 1.548461
3182 1.548096
3743 1.546855
3725 1.546855
1361 1.545266
1733 1.545152
908 1.545061
651 1.544828
2909 1.542878
1596 1.541175
2471 1.540244
1212 1.540113
2411 1.539965
2780 1.537702
1482 1.537591
142 1.535905
3982 1.535266
2188 1.534822
2777 1.534428
2220 1.533587
1202 1.532267
3722 1.531693
3505 1.531155
3800 1.530623
1645 1.529609
1603 1.529098
2324 1.527447
137 1.527389
2604 1.527036
2676 1.526831
1132 1.525500
1545 1.523712
1911 1.520817
2849 1.519675
2247 1.517974
2327 1.517118
1879 1.516835
2279 1.516372
1947 1.516285
3842 1.512523
916 1.512190
1456 1.511724
1124 1.506014
1250 1.502648
2758 1.502170
3576 1.501419
2607 1.500532
2841 1.500077
1488 1.499237
456 1.498075
1988 1.496803
213 1.496558
2150 1.496416
3625 1.495126
343 1.489232
1282 1.488661
1029 1.487741
1548 1.485924
2564 1.485531
842 1.483171
169 1.482404
1153 1.478764
2983 1.478525
3321 1.478120
1616 1.478016
3119 1.477586
2125 1.477586
326 1.477260
2284 1.474962
323 1.473257
1917 1.472518
1636 1.471589
3001 1.471549
2925 1.470530
942 1.468615
1097 1.465592
678 1.465378
391 1.463069
1487 1.461926
2103 1.461536
2750 1.461141
2955 1.461057
924 1.460360
2978 1.460279
2592 1.460253
2331 1.460058
1076 1.459335
2649 1.459320
2463 1.459251
2869 1.458875
2764 1.458728
3833 1.458577
1895 1.458437
1894 1.458228
839 1.458025
423 1.457621
1067 1.457275
1946 1.456814
616 1.456674
524 1.455173
2461 1.455020
2059 1.454018
1261 1.454012
2833 1.453933
2800 1.453856
2729 1.453583
2231 1.453445
408 1.453270
1496 1.452326
1534 1.451708
355 1.451551
3826 1.450214
493 1.449647
4027 1.448578
91 1.448382
8 1.448382
259 1.448382
118 1.446918
2397 1.446497
542 1.446016
2421 1.445950
2018 1.445139
2706 1.443789
3299 1.442382
1107 1.441528
3344 1.441121
3902 1.437122
3231 1.437008
2064 1.436506
419 1.435880
1337 1.435527
3054 1.435315
3720 1.433469
2201 1.433023
1962 1.432861
2757 1.432664
4017 1.432488
2664 1.432297
1656 1.431914
1938 1.430663
2184 1.430339
1626 1.429582
1175 1.428274
1373 1.428137
313 1.428132
2601 1.427513
2319 1.426554
2174 1.426429
2763 1.420907
1502 1.420824
2659 1.420174
2734 1.419702
3318 1.419407
1273 1.416365
3056 1.415463
1467 1.414774
2118 1.411415
2223 1.410998
2090 1.409956
1611 1.409814
2030 1.409527
99 1.408271
3774 1.406820
1231 1.406390
1959 1.406355
2250 1.406149
1662 1.406021
3500 1.404505
2339 1.403551
1857 1.403526
2670 1.401777
1298 1.400479
82 1.399701
2866 1.397958
1966 1.397952
2867 1.396963
1868 1.394441
2071 1.394252
1794 1.391989
1217 1.391471
3747 1.390437
3020 1.389250
3731 1.386425
3868 1.385764
3448 1.385279
1793 1.384682
2828 1.382850
492 1.382780
3137 1.382754
3010 1.381752
3674 1.381731
2615 1.380694
402 1.380070
3049 1.379855
1669 1.378954
2156 1.378853
1570 1.377132
3789 1.376571
417 1.376273
2624 1.375934
3927 1.373421
819 1.373355
1473 1.371177
2491 1.370824
1216 1.370816
2116 1.370703
3141 1.368134
653 1.368086
514 1.368028
2625 1.367737
1705 1.366609
2586 1.366540
2275 1.366285
325 1.366053
3926 1.365888
726 1.364653
2365 1.364469
3226 1.364328
1327 1.364312
2728 1.363502
3362 1.362521
1866 1.362468
1920 1.362100
3353 1.361848
787 1.360946
1882 1.360811
556 1.359279
3348 1.359101
1118 1.359061
1675 1.359039
3536 1.357187
1717 1.357174
3145 1.354936
503 1.354470
1889 1.352378
2538 1.351276
2932 1.350962
2936 1.350540
3638 1.349378
3406 1.349118
3711 1.348383
1825 1.347953
1511 1.347134
2620 1.346069
1927 1.345574
3347 1.345500
198 1.345470
236 1.345055
320 1.343672
1919 1.342513
2593 1.341696
815 1.340524
3188 1.340374
3486 1.338452
1113 1.337783
3196 1.336777
1867 1.335194
1984 1.334407
714 1.333678
2910 1.333196
2323 1.332687
1214 1.331180
2376 1.329993
2290 1.329661
1499 1.327767
2645 1.327053
1317 1.325993
2535 1.325756
2271 1.324512
1221 1.324338
3847 1.324293
1683 1.323376
2600 1.322987
2326 1.322729
3107 1.322717
2861 1.321215
113 1.320610
214 1.320107
829 1.319931
1549 1.319210
2640 1.318567
7 1.317899
1066 1.316395
1569 1.316304
291 1.315376
111 1.313380
3705 1.312692
2006 1.312280
1138 1.312083
3728 1.310157
820 1.309913
2500 1.309716
555 1.308777
641 1.307852
3867 1.307441
564 1.307183
173 1.307075
2414 1.305974
2939 1.305912
1998 1.305376
3624 1.304127
1509 1.302084
609 1.301415
249 1.301398
1787 1.300587
1494 1.299634
2657 1.299523
2404 1.299498
2241 1.299490
369 1.298598
2160 1.297968
2873 1.293967
2173 1.293868
2104 1.293851
2920 1.293550
3759 1.293051
3514 1.291968
1330 1.291692
2617 1.291154
2937 1.290894
1809 1.290650
2409 1.289132
901 1.288625
680 1.288318
1000 1.287012
1798 1.286958
1576 1.284921
2567 1.284760
329 1.283658
1495 1.283281
2127 1.281180
2610 1.281069
1634 1.277350
547 1.276665
2069 1.275601
3080 1.275529
2894 1.273496
3086 1.273487
2107 1.272292
2139 1.271568
3571 1.270808
1533 1.270219
2650 1.269970
378 1.269453
619 1.269281
1971 1.268816
3022 1.268520
3264 1.268434
3822 1.268301
3528 1.266804
3466 1.264934
1237 1.264600
2093 1.263601
1979 1.263580
2203 1.263449
1665 1.263263
1269 1.260841
3776 1.260111
526 1.259680
88 1.258649
3821 1.258285
404 1.256128
1101 1.255452
1540 1.253611
2973 1.253480
2354 1.252778
3096 1.252514
583 1.252034
1565 1.250298
359 1.249574
109 1.249510
3710 1.249144
4000 1.248282
818 1.247735
2395 1.247329
3508 1.247238
2827 1.245807
3179 1.245471
1099 1.244556
2053 1.242773
2492 1.242575
2616 1.240024
3900 1.239124
3011 1.237958
1515 1.237844
1520 1.237490
2406 1.236944
3378 1.236792
2781 1.235527
1255 1.234909
1452 1.234752
1668 1.234695
2674 1.233288
3253 1.232552
2061 1.232401
92 1.231466
1051 1.230641
1171 1.230361
1692 1.230028
2045 1.228846
2028 1.228713
752 1.228486
2451 1.227599
2342 1.227542
3692 1.227483
3605 1.227468
1348 1.226546
3184 1.225606
3325 1.224649
2992 1.224044
1507 1.223113
1845 1.222748
2665 1.221507
516 1.221111
3487 1.220834
2372 1.219601
2630 1.219447
903 1.219178
1165 1.217099
3025 1.216741
2703 1.215648
2487 1.214974
2281 1.214974
3272 1.214546
3195 1.214007
2200 1.213953
361 1.213931
3473 1.213755
1757 1.212650
2043 1.212218
2663 1.211173
3443 1.209911
2024 1.209733
862 1.209038
2440 1.208940
1750 1.207560
1305 1.207032
2381 1.206168
1030 1.204827
177 1.203963
773 1.203854
453 1.202303
3460 1.200823
89 1.196280
319 1.196280
2872 1.195905
776 1.195020
822 1.194024
518 1.193322
3277 1.190966
2228 1.190871
2553 1.190454
1333 1.189678
3949 1.188985
1230 1.187992
2207 1.187855
2622 1.187567
184 1.187489
3240 1.187036
867 1.186706
618 1.185055
1010 1.184847
3219 1.184630
2214 1.182851
3139 1.182694
2033 1.182068
3592 1.181022
1100 1.181013
3587 1.179978
3713 1.179618
1823 1.179279
2648 1.178400
1902 1.176951
2962 1.175639
3439 1.175300
2180 1.175012
3468 1.174059
1396 1.173658
2039 1.173650
192 1.171925
3590 1.171647
242 1.171464
457 1.170629
1332 1.170360
3120 1.169806
1369 1.169626
3634 1.169267
889 1.168802
2169 1.168736
1370 1.168376
2140 1.168034
2132 1.167482
1371 1.165986
2356 1.165900
364 1.165763
774 1.165717
94 1.165460
1816 1.164862
2434 1.164710
520 1.162799
1020 1.160922
881 1.159709
771 1.159188
2864 1.158844
2278 1.157222
1766 1.157000
2349 1.155515
3303 1.154331
1619 1.154310
1689 1.152947
3957 1.151609
2456 1.151427
1355 1.151155
662 1.151073
1335 1.150927
3994 1.150683
2946 1.148886
782 1.148394
1117 1.148127
2170 1.147958
3526 1.147232
963 1.146889
615 1.146712
1122 1.145902
2460 1.145714
661 1.145628
643 1.145628
600 1.145628
3701 1.145189
3757 1.145163
2378 1.144706
3891 1.143086
116 1.142861
708 1.142730
1079 1.142604
2341 1.141979
1127 1.141144
1334 1.140058
2124 1.139803
3835 1.139184
1880 1.138587
1258 1.138374
1475 1.138119
1615 1.137206
960 1.137148
2322 1.136393
1590 1.136288
584 1.136087
1715 1.135681
1378 1.135610
1125 1.135424
659 1.135371
658 1.135371
627 1.135371
578 1.135371
2913 1.134412
2862 1.132059
3089 1.131901
1179 1.131646
3300 1.131389
20 1.131250
3332 1.130766
3947 1.130411
1004 1.128932
1935 1.128019
3005 1.127550
1861 1.126909
2352 1.126279
1842 1.125639
49 1.125595
1491 1.125464
1098 1.124845
2989 1.124599
2300 1.123905
2537 1.123373
1483 1.123338
3873 1.120390
515 1.120355
3737 1.120218
1426 1.119993
2771 1.119540
1991 1.117975
1601 1.117403
3478 1.116829
310 1.116818
2486 1.116740
2655 1.116400
2022 1.115909
3753 1.115573
2196 1.115529
2363 1.115462
1240 1.114856
80 1.114751
727 1.114394
3247 1.114247
2959 1.114162
2190 1.113558
4 1.113508
275 1.113508
181 1.113508
1824 1.112935
3636 1.112377
3752 1.110970
1585 1.110777
2338 1.108681
1624 1.107552
2905 1.107459
2194 1.106232
957 1.105830
197 1.105261
636 1.105041
2374 1.104805
3869 1.104279
1465 1.103949
2035 1.103857
2843 1.102920
1529 1.102148
3411 1.101674
3433 1.101530
2520 1.101035
797 1.099687
1356 1.098795
736 1.098420
3113 1.097953
2159 1.097422
1547 1.097190
766 1.097124
463 1.096410
3174 1.095906
1048 1.095779
1600 1.095668
2582 1.095039
3261 1.094573
870 1.093340
3066 1.092894
1409 1.092268
3394 1.092142
3106 1.090459
2351 1.090433
1563 1.089338
461 1.089284
2004 1.088857
1468 1.088051
780 1.086998
1109 1.086759
3178 1.086418
2394 1.085466
2189 1.085090
127 1.083658
299 1.083288
3997 1.082216
1948 1.081748
2638 1.081376
729 1.081017
2972 1.080892
281 1.080697
2482 1.077551
2871 1.077359
2619 1.077339
31 1.076722
3499 1.076318
3907 1.074130
1688 1.073508
1721 1.072304
2202 1.072116
3956 1.071592
1416 1.070938
3081 1.070862
804 1.070742
1890 1.070666
2559 1.070273
2056 1.069855
2423 1.069743
3986 1.069438
1129 1.069120
948 1.069118
3764 1.068714
3309 1.068379
3287 1.067547
2911 1.067434
3382 1.066939
953 1.066904
1189 1.066876
1858 1.066470
2447 1.066333
2675 1.066330
967 1.065088
342 1.064720
2497 1.064419
4004 1.064136
3053 1.063880
180 1.063372
1343 1.063063
966 1.062383
944 1.062191
2647 1.061376
2112 1.060588
2301 1.060484
284 1.059695
2578 1.059262
2332 1.058040
1803 1.057768
599 1.057537
1177 1.056963
1155 1.056506
2498 1.056402
3898 1.056180
1608 1.055854
2889 1.055504
3297 1.055291
3960 1.054907
848 1.054494
2052 1.054493
3105 1.053213
3284 1.052492
2597 1.051689
2108 1.050899
1752 1.050767
2398 1.050725
3648 1.049750
2608 1.048636
3177 1.048518
1341 1.048286
3111 1.048216
3339 1.046544
681 1.046543
3915 1.046304
644 1.046164
204 1.045845
3335 1.045627
849 1.045324
720 1.042694
101 1.042213
640 1.042158
2813 1.042036
2478 1.041847
2074 1.041581
2084 1.040794
3419 1.036154
104 1.035998
2446 1.035764
3768 1.035353
670 1.034389
3920 1.033295
764 1.032883
278 1.032857
1083 1.032087
1349 1.031969
1453 1.030751
2217 1.030207
1148 1.030188
675 1.029952
2643 1.029434
4021 1.028326
3346 1.027851
1716 1.027130
3721 1.025962
2401 1.025692
1672 1.024965
2690 1.024942
452 1.024733
2154 1.024289
1735 1.023237
1914 1.023038
2145 1.022740
992 1.022457
2550 1.021805
3837 1.020850
2549 1.020537
3525 1.020475
1667 1.020473
921 1.020156
1785 1.020099
1918 1.019473
554 1.019223
2232 1.018777
1617 1.017957
3979 1.017887
1480 1.017882
2438 1.017790
2969 1.015870
4014 1.015163
1274 1.013964
1593 1.013464
3255 1.012579
2450 1.012238
3224 1.012236
1449 1.011581
3702 1.010890
3883 1.010661
3695 1.010661
3649 1.010661
3613 1.010661
3562 1.010661
3479 1.010661
3950 1.009673
982 1.009207
302 1.008768
2881 1.008107
149 1.007254
360 1.007246
551 1.007244
3962 1.006139
3860 1.006006
2796 1.005924
968 1.005616
718 1.005161
2468 1.005160
194 1.005131
757 1.003416
1318 1.003119
1205 1.003039
2988 1.002946
1986 1.002544
1936 1.002331
941 1.001616
179 1.000397
913 1.000250
754 0.999952
3028 0.998218
219 0.997233
1024 0.996908
1260 0.996718
3062 0.996196
2587 0.995926
1691 0.995216
1758 0.994481
3239 0.994269
424 0.994030
1413 0.993946
3706 0.993559
3114 0.993064
955 0.992996
1368 0.992996
2689 0.992139
3314 0.991139
1043 0.991024
2121 0.990383
2286 0.989799
2370 0.989321
3052 0.987988
211 0.986382
2715 0.985945
2020 0.985898
2810 0.985861
3519 0.985712
1021 0.985327
1144 0.985308
3612 0.984883
1433 0.984734
712 0.984550
947 0.984321
2253 0.983780
3718 0.983587
1435 0.983158
2345 0.983124
1751 0.983083
591 0.982624
396 0.982309
1102 0.982046
1898 0.980988
4009 0.980445
2561 0.979746
2789 0.979639
1267 0.979452
2444 0.979441
2880 0.979299
2076 0.978594
2603 0.977498
1114 0.977471
3169 0.977142
768 0.976802
2320 0.976661
2628 0.976542
3579 0.976138
3465 0.976138
876 0.976021
863 0.976021
3761 0.975809
2257 0.975387
444 0.974760
3265 0.974663
3518 0.974367
1019 0.971968
2829 0.971572
1158 0.971263
1172 0.970894
2458 0.970220
2919 0.969938
1415 0.969665
2276 0.969647
3221 0.969524
3698 0.969459
1243 0.969253
3540 0.968222
1344 0.967453
3569 0.967229
3138 0.965956
1864 0.965446
3446 0.965358
2246 0.961991
2308 0.961902
2853 0.961845
2784 0.961438
739 0.960444
632 0.959950
3146 0.959910
3283 0.959497
1863 0.959423
1037 0.959134
909 0.959041
1862 0.959035
1680 0.958352
995 0.958322
266 0.957599
225 0.957477
2416 0.956630
523 0.956573
769 0.956421
3073 0.956169
2161 0.956083
4038 0.955038
1849 0.954983
14 0.954644
3293 0.954548
3423 0.954060
1137 0.953753
1036 0.953708
231 0.953583
3158 0.953434
2042 0.953091
2718 0.952786
2508 0.952568
2474 0.951931
2551 0.951848
810 0.951710
3551 0.951101
3251 0.949773
2005 0.949351
324 0.948523
357 0.947786
1191 0.947189
1673 0.947071
2785 0.946743
1597 0.946372
1288 0.946127
3714 0.946001
997 0.945947
1541 0.945892
2787 0.945716
2809 0.945339
2994 0.945175
954 0.944415
1970 0.943930
2711 0.943374
2851 0.942699
2806 0.942609
2299 0.941365
577 0.941084
1564 0.940607
557 0.939475
2698 0.938577
3070 0.937087
597 0.936295
3127 0.935893
3074 0.935893
3055 0.935893
2774 0.935893
1082 0.934978
3064 0.934623
2504 0.933407
2095 0.933176
144 0.932091
1423 0.931565
3831 0.931539
650 0.931539
1421 0.931442
789 0.930246
2732 0.929482
3181 0.929482
3180 0.929482
3131 0.929482
2930 0.929482
1131 0.929140
3542 0.928862
501 0.928822
441 0.928822
399 0.928822
3008 0.928179
1291 0.927751
2879 0.927402
3403 0.927330
2120 0.927259
3278 0.926998
1149 0.926732
2040 0.926634
1218 0.926310
2886 0.926254
1537 0.925388
3912 0.923706
2408 0.923681
2533 0.921744
3258 0.921662
3739 0.921349
979 0.921153
3917 0.920538
3696 0.920357
3841 0.920348
2516 0.919935
1828 0.919489
3655 0.918404
2583 0.917857
1271 0.917034
3850 0.916337
3149 0.915920
3108 0.915825
2146 0.915513
1788 0.914718
1779 0.914553
1321 0.913930
1741 0.913571
1929 0.912999
354 0.912742
1712 0.912346
1441 0.912324
2573 0.911654
1655 0.910413
1284 0.910332
2512 0.909452
3395 0.908477
2875 0.908230
2991 0.908156
226 0.906844
2377 0.906801
3298 0.906433
1699 0.906323
1166 0.905648
1660 0.905640
3374 0.905179
1588 0.904537
1450 0.904240
3331 0.903630
1225 0.903611
2009 0.903518
3863 0.903050
350 0.902592
3285 0.902082
133 0.902031
978 0.901968
2594 0.899833
1568 0.899195
2242 0.899187
2334 0.898891
3969 0.898463
48 0.895698
481 0.895429
3779 0.895253
677 0.894990
2654 0.894379
1939 0.894252
1011 0.894217
2148 0.893878
2348 0.893809
2795 0.893490
545 0.893424
2226 0.893061
3392 0.892740
2318 0.891032
1292 0.890318
687 0.890030
2143 0.889763
939 0.889412
879 0.888123
2235 0.887615
2430 0.887170
2921 0.887164
3057 0.886106
1637 0.885572
2459 0.884155
2083 0.883314
2501 0.882748
1743 0.882527
1215 0.882444
1001 0.882050
3475 0.881609
1789 0.881215
1454 0.881163
486 0.881120
251 0.879990
734 0.879742
625 0.879047
1886 0.877947
2027 0.876130
2101 0.875179
1778 0.874748
2546 0.874067
874 0.873802
872 0.873802
150 0.873788
1163 0.872913
2475 0.871161
1197 0.871065
738 0.871028
2933 0.870517
1055 0.870135
1860 0.870026
3870 0.869827
3809 0.869439
2940 0.869220
3115 0.869128
3354 0.869111
3218 0.869111
3122 0.869111
3643 0.868421
1671 0.868382
938 0.867945
3999 0.867417
367 0.866646
3516 0.865029
78 0.864836
328 0.864836
306 0.864836
273 0.864836
218 0.864836
195 0.864836
3635 0.863522
434 0.862453
1881 0.861130
793 0.860347
2693 0.860210
1706 0.860076
3533 0.859406
1992 0.859399
3098 0.859357
2997 0.859235
3416 0.859071
1685 0.858895
684 0.858828
254 0.858560
1410 0.858523
2993 0.858297
2436 0.856823
2439 0.856448
1210 0.856311
1232 0.856160
1257 0.856129
2832 0.854942
1478 0.854927
635 0.854813
3523 0.854680
3481 0.854680
2996 0.854487
224 0.854453
871 0.853838
582 0.853733
1808 0.853575
2846 0.853256
964 0.853202
3061 0.851773
3967 0.850473
2122 0.850405
3554 0.848921
2359 0.847770
3975 0.847706
3708 0.847706
510 0.847473
2426 0.847388
2225 0.847052
1003 0.847005
469 0.846435
589 0.846288
2128 0.845310
847 0.844854
2425 0.843062
645 0.842424
2433 0.842334
1523 0.841265
337 0.840885
1357 0.840566
2495 0.840513
3923 0.839985
3046 0.839060
3 0.837973
3176 0.837881
936 0.837579
3564 0.837448
1904 0.836030
3036 0.834994
3535 0.834867
3559 0.834518
1299 0.833257
1374 0.832148
1242 0.832087
1940 0.831977
594 0.831191
2588 0.830501
2644 0.830057
2062 0.829791
243 0.829430
5 0.829349
1328 0.829183
1944 0.828725
1432 0.828691
3894 0.828414
2934 0.827969
3601 0.827656
1553 0.827553
1566 0.826071
1732 0.826055
3402 0.825967
539 0.825955
1686 0.824701
1955 0.823857
3557 0.823514
1932 0.823285
3117 0.823143
2926 0.822718
1009 0.822636
1623 0.820723
1174 0.820432
1339 0.820206
2135 0.820131
3803 0.819776
3128 0.819629
3932 0.818672
387 0.818593
2741 0.817983
1110 0.817827
3511 0.817550
897 0.817312
1188 0.817309
3723 0.816250
2575 0.815334
2209 0.815264
2273 0.813957
13 0.813776
1160 0.813476
3118 0.811993
546 0.811478
1142 0.810066
2455 0.809035
3530 0.809021
2499 0.808895
1819 0.807970
3886 0.807626
2773 0.806059
977 0.805430
1954 0.805185
2633 0.805074
975 0.804650
1106 0.804586
2296 0.804329
3872 0.803661
2982 0.802874
334 0.801846
3555 0.801041
2646 0.800703
1694 0.800688
1810 0.800336
3595 0.800276
95 0.799865
2385 0.798983
1302 0.798473
3687 0.798316
3124 0.798169
2089 0.797846
100 0.797567
2254 0.796933
3874 0.796688
2063 0.796077
3730 0.795886
2666 0.793380
2521 0.792426
3675 0.792144
3567 0.791503
2815 0.791280
1609 0.791129
2034 0.790124
1111 0.789424
1822 0.789283
3995 0.788738
3693 0.788540
2307 0.788507
1695 0.788501
1359 0.787713
1897 0.787688
2391 0.787530
3013 0.786951
3034 0.786731
3750 0.785612
3534 0.785224
3510 0.785193
1497 0.785064
2775 0.784489
1183 0.784408
895 0.783659
439 0.783286
2539 0.783153
1128 0.782908
265 0.781762
2912 0.781643
1312 0.781552
3623 0.781433
696 0.781294
1045 0.780948
3220 0.780369
864 0.779739
3719 0.779695
1026 0.778810
147 0.778386
6 0.778386
2540 0.778233
1319 0.777593
3355 0.776761
2667 0.776545
1156 0.776277
1105 0.776247
1002 0.776247
1226 0.775860
2191 0.775198
3275 0.774625
2314 0.773397
2396 0.773201
878 0.772503
817 0.771953
1818 0.771892
798 0.771778
4020 0.770527
760 0.769971
1676 0.769609
2945 0.768875
2212 0.768705
1428 0.768558
28 0.767572
1123 0.766488
3972 0.766387
1957 0.765929
2485 0.765379
3472 0.764858
2720 0.764781
3862 0.764091
3191 0.761626
548 0.761439
2113 0.760356
4025 0.760274
4016 0.760274
4007 0.760274
3990 0.760274
1826 0.759837
2753 0.759733
3651 0.759540
2807 0.759393
956 0.759039
1639 0.758506
2513 0.757881
2023 0.757461
2765 0.757401
814 0.757277
489 0.756975
1018 0.756527
509 0.756452
707 0.756263
1647 0.756127
2743 0.755930
2386 0.755342
1470 0.755115
1403 0.754999
1016 0.754999
2713 0.753743
1765 0.753289
3386 0.753181
3476 0.752880
260 0.752563
1379 0.752298
2985 0.750654
1444 0.749594
2115 0.749290
2387 0.749167
2192 0.749065
1440 0.748549
3858 0.748508
1419 0.747778
479 0.747213
3685 0.746356
3381 0.746291
2958 0.746070
2627 0.746041
2697 0.745960
912 0.745003
2151 0.744817
1425 0.744792
2094 0.743556
2494 0.742540
2950 0.742140
2437 0.741733
2304 0.741493
2662 0.741413
3608 0.740121
2216 0.739650
2585 0.739605
2222 0.739209
141 0.739137
2896 0.738936
3463 0.737475
1605 0.736629
570 0.736608
3931 0.736575
2974 0.736158
3341 0.735971
1530 0.735044
1990 0.732917
1303 0.732875
3029 0.731045
1916 0.730692
2534 0.730198
1643 0.728770
543 0.728680
3502 0.728466
24 0.727919
1872 0.727910
1956 0.727080
3079 0.726775
2086 0.726307
1049 0.724692
746 0.723601
2157 0.723588
1493 0.723470
2870 0.723322
991 0.722519
3222 0.722254
527 0.722252
2109 0.722065
1120 0.721914
1405 0.721637
398 0.721151
2165 0.720894
1997 0.720711
2134 0.720699
2297 0.720085
3580 0.719544
308 0.719508
2011 0.719305
2751 0.719215
857 0.717928
2614 0.717687
2002 0.717617
1280 0.716972
3866 0.716619
3271 0.716520
840 0.715872
2637 0.715306
1266 0.715220
303 0.714597
1841 0.714016
758 0.713768
2931 0.713629
1272 0.713451
3391 0.713277
2469 0.713168
3556 0.713014
519 0.712959
3504 0.712573
2772 0.711841
174 0.711380
3097 0.711160
368 0.710980
3012 0.709273
496 0.708743
3063 0.708310
1531 0.707758
2577 0.705561
2152 0.705551
3911 0.705360
3864 0.705360
3813 0.705360
3700 0.705360
3669 0.705360
2874 0.705088
1290 0.704903
2097 0.704395
792 0.703713
1840 0.703601
915 0.701977
1587 0.701872
2822 0.700849
3989 0.700457
1650 0.700369
1976 0.699785
3329 0.699765
2823 0.699656
3273 0.699625
3819 0.699525
187 0.699407
409 0.697523
1931 0.696787
430 0.696422
68 0.696105
2367 0.693830
3548 0.693829
1739 0.693578
1677 0.693469
3751 0.693213
4026 0.692987
3420 0.692693
3204 0.692317
3884 0.691871
537 0.691790
1108 0.691773
1543 0.691217
1314 0.690968
1072 0.690946
62 0.690841
2010 0.690495
1726 0.690476
2248 0.689623
595 0.689345
1388 0.688243
2245 0.686413
2525 0.686062
3435 0.685966
17 0.685566
2556 0.685558
2820 0.685501
3142 0.685296
2570 0.685225
2856 0.684238
603 0.684024
130 0.683578
1512 0.682410
158 0.681558
3561 0.680796
2803 0.680723
3377 0.679990
1722 0.679914
755 0.679787
809 0.679617
1194 0.679543
1181 0.679372
1408 0.678524
1209 0.677706
1167 0.677537
3670 0.677465
330 0.677107
450 0.676999
1446 0.676452
3021 0.676284
1544 0.674973
2929 0.674918
3085 0.674917
2484 0.673569
3440 0.673306
2696 0.673062
2527 0.673046
3981 0.672842
861 0.671820
2566 0.671135
3471 0.671088
3212 0.670951
1878 0.670720
2680 0.670630
1767 0.670497
3405 0.670311
2623 0.670250
2366 0.669598
2677 0.668620
2618 0.668520
2467 0.668225
1448 0.667609
1674 0.667462
3234 0.667333
604 0.666912
1075 0.666880
3037 0.666738
2792 0.666738
2691 0.666738
36 0.666676
2726 0.666563
2506 0.666095
1 0.665764
2799 0.665753
1213 0.665657
3647 0.664866
2267 0.664857
1921 0.663597
2357 0.663459
3372 0.662912
2902 0.662912
3427 0.662760
3338 0.662760
393 0.662695
1382 0.662361
1582 0.662327
1648 0.662143
3892 0.662099
2085 0.661754
2756 0.661595
3032 0.661418
3425 0.660706
3509 0.660169
3657 0.659255
1749 0.658390
2041 0.658132
3206 0.657739
2453 0.657643
2503 0.657328
407 0.657195
3384 0.657179
3322 0.656911
3126 0.656911
2717 0.655629
1500 0.655605
3023 0.655596
3065 0.654944
1763 0.654883
3383 0.653519
3823 0.653325
2589 0.652834
2243 0.652717
3581 0.652217
2739 0.651848
2017 0.651638
855 0.650903
852 0.650903
717 0.650903
2263 0.650684
3241 0.650243
2368 0.650159
2837 0.649977
1229 0.649942
2261 0.649320
3783 0.648437
1850 0.648216
1404 0.648057
1033 0.648025
3888 0.647724
1437 0.647636
2626 0.647113
1040 0.647066
3550 0.645268
1744 0.644833
1740 0.644106
665 0.643752
3849 0.643471
3444 0.643471
2686 0.642822
2636 0.642511
669 0.642130
1905 0.642091
3422 0.641909
3225 0.641527
3497 0.641436
1325 0.640837
2144 0.640810
3887 0.638666
2581 0.638000
3083 0.637326
2979 0.636991
2337 0.636708
3775 0.636546
3961 0.636059
2036 0.635896
2914 0.635726
3004 0.635019
682 0.634781
1228 0.634685
927 0.634232
3652 0.633534
731 0.632535
3503 0.632411
647 0.631790
1434 0.631461
3279 0.631427
3531 0.631375
2631 0.631222
981 0.630687
1375 0.630573
2528 0.630174
1429 0.630084
2237 0.629766
3401 0.629542
3376 0.629542
185 0.629193
971 0.629134
168 0.629110
803 0.627924
2399 0.627836
3896 0.627832
1161 0.627679
1514 0.627358
1387 0.627260
108 0.627011
93 0.626745
2077 0.626657
1659 0.625967
2660 0.625451
2420 0.625209
3609 0.625189
2092 0.623931
3213 0.623323
906 0.622478
838 0.622146
232 0.622027
958 0.621595
3524 0.621517
3102 0.620916
238 0.620542
664 0.620141
3667 0.619819
3828 0.619705
3786 0.619337
2029 0.619244
1406 0.619033
473 0.618238
2840 0.617312
413 0.617217
3742 0.617082
3880 0.617075
1795 0.616539
1925 0.616367
1245 0.616351
1753 0.616282
2708 0.616170
2026 0.615696
3496 0.615539
3659 0.615476
29 0.614790
2805 0.614380
2329 0.614104
902 0.613160
3644 0.612820
2672 0.612085
3532 0.612067
2639 0.611986
605 0.610340
2761 0.610256
3364 0.609761
2812 0.609736
2291 0.608829
3682 0.608422
1847 0.608096
2897 0.607448
2472 0.607323
1380 0.606779
3493 0.606295
167 0.604887
148 0.604794
1922 0.604582
1981 0.604538
2259 0.604071
1315 0.603910
2844 0.603682
2831 0.603287
1561 0.603226
3259 0.603201
1953 0.602510
623 0.602175
2658 0.601973
498 0.601812
1310 0.600410
898 0.599855
1681 0.599568
1089 0.599272
3594 0.598866
1580 0.597892
1776 0.597722
910 0.597722
1657 0.597722
888 0.597379
1599 0.597306
3908 0.597193
217 0.596980
2868 0.596836
2181 0.596822
631 0.596748
1088 0.596218
807 0.596069
2197 0.595290
1528 0.595275
3301 0.595024
3474 0.594917
1035 0.594674
1698 0.594427
2321 0.593843
2699 0.593537
1814 0.592628
3645 0.592557
3665 0.592105
474 0.592067
795 0.591361
3964 0.591273
3257 0.591020
2280 0.590395
1464 0.589645
3288 0.588943
3544 0.588354
1859 0.587977
2405 0.587494
2818 0.587484
3963 0.586957
984 0.586909
2390 0.586679
2892 0.586574
3727 0.586252
362 0.586174
470 0.586079
3602 0.586023
1720 0.585817
3716 0.585800
3919 0.585174
3639 0.585174
1891 0.585048
1133 0.584932
72 0.584322
1050 0.584187
2656 0.583815
2106 0.583383
1586 0.583371
1046 0.583371
2595 0.583367
2483 0.583367
2046 0.583261
816 0.582799
1182 0.581939
3229 0.581529
1781 0.581208
1625 0.581071
2343 0.580499
961 0.580445
3040 0.580319
2346 0.579806
1719 0.577716
3993 0.577578
1978 0.577283
1178 0.576629
2854 0.575483
887 0.575390
873 0.575390
748 0.575079
415 0.574885
3458 0.574754
3615 0.574577
858 0.574546
2935 0.574445
1644 0.574258
3041 0.573229
3312 0.573030
2760 0.572861
1704 0.572791
1309 0.572436
81 0.571826
1234 0.571733
3147 0.571571
2817 0.571571
1306 0.570108
3996 0.568886
2480 0.567502
3153 0.567347
3307 0.567302
1594 0.566945
740 0.566780
2490 0.566471
685 0.565836
296 0.565547
263 0.565547
3246 0.564923
1323 0.564811
1885 0.564673
1513 0.563972
3166 0.563473
1649 0.563202
445 0.562465
1056 0.562175
1571 0.561947
3749 0.561574
2652 0.561546
932 0.559879
3626 0.559587
3155 0.559368
2548 0.559279
2749 0.558957
1060 0.558693
3045 0.558518
3661 0.558077
3400 0.557957
4002 0.556583
2315 0.556477
1737 0.556422
1074 0.556075
3541 0.555971
2745 0.555097
1187 0.554406
2848 0.554217
1812 0.553621
1281 0.553184
2976 0.552911
3646 0.552598
3498 0.552415
1958 0.552345
388 0.552207
3454 0.552163
1279 0.551997
3211 0.550932
2003 0.550142
742 0.550036
962 0.549878
3209 0.549859
3316 0.548677
3664 0.548658
3308 0.548627
128 0.548405
711 0.548146
1207 0.548056
1121 0.547748
64 0.547561
189 0.547561
392 0.547416
309 0.546850
135 0.546850
2418 0.546824
223 0.546476
2221 0.546467
522 0.546189
2098 0.545619
3091 0.545491
2824 0.545491
2721 0.545491
2671 0.545491
505 0.544976
835 0.544839
2918 0.544143
3703 0.543590
1632 0.543566
1198 0.543553
3621 0.543495
3985 0.543216
3047 0.543145
2529 0.542581
1135 0.541197
3676 0.540730
3489 0.540730
3903 0.540698
3438 0.540030
3656 0.539829
3778 0.539745
1047 0.539114
3792 0.538608
2272 0.537097
1134 0.537037
2970 0.536726
3591 0.536286
2557 0.536043
1782 0.535359
2417 0.535252
1442 0.534299
3123 0.534223
2155 0.534108
620 0.534036
1829 0.533548
403 0.532461
159 0.532002
2260 0.531849
386 0.531561
1130 0.531125
783 0.530615
2515 0.530357
1606 0.530284
2075 0.530004
622 0.528554
3642 0.528381
952 0.527351
1062 0.527045
2579 0.526038
2000 0.525086
1025 0.525062
2887 0.524512
3470 0.523265
3622 0.523242
2653 0.522769
983 0.522435
3954 0.521145
3095 0.520658
3988 0.520286
866 0.520136
1308 0.519925
886 0.519519
3048 0.519150
3018 0.518849
3148 0.518652
1324 0.517763
59 0.516861
1731 0.516636
110 0.516583
264 0.516583
3482 0.516375
2477 0.516333
2403 0.516250
3100 0.515868
464 0.515754
1139 0.515165
1999 0.514798
2215 0.514414
2110 0.513942
3016 0.513905
1285 0.513676
140 0.513189
3881 0.513131
1652 0.511752
2552 0.511661
3099 0.511620
351 0.510990
2429 0.510986
949 0.510814
3598 0.510072
904 0.510037
3909 0.509583
1711 0.509441
1246 0.508903
84 0.508156
1653 0.507696
1296 0.507528
2445 0.507508
3745 0.507471
611 0.507078
1289 0.507055
2681 0.506723
3130 0.506664
951 0.506602
3539 0.505340
301 0.504599
4019 0.504490
2479 0.503817
884 0.503628
4029 0.503425
4012 0.503425
4001 0.503425
3987 0.503425
666 0.502644
1170 0.502310
2306 0.502068
1797 0.502032
3801 0.501944
83 0.501919
51 0.501919
237 0.501919
383 0.501477
2702 0.501034
2783 0.500719
3483 0.500654
372 0.500471
2563 0.500440
182 0.500397
642 0.500294
581 0.500294
42 0.500198
33 0.500198
282 0.500198
256 0.500198
244 0.500198
233 0.500198
3846 0.500104
3746 0.500104
3407 0.500036
3268 0.500036
1747 0.499992
2147 0.499890
1896 0.499662
508 0.499222
427 0.499062
3573 0.498958
2731 0.498732
2449 0.498162
1629 0.496557
937 0.496400
1313 0.495863
3103 0.495604
3237 0.495530
1968 0.495484
1503 0.495450
1696 0.495166
3135 0.494959
3361 0.494871
2264 0.494834
3904 0.493771
3244 0.492689
1815 0.492318
2612 0.491403
3814 0.490270
3477 0.489744
2821 0.489572
3203 0.488553
1701 0.488407
193 0.487636
2791 0.487037
429 0.486938
3916 0.486879
2355 0.486394
4013 0.486130
1724 0.485722
1942 0.485390
2712 0.484901
1300 0.484826
2489 0.484597
394 0.484580
1247 0.484268
1535 0.483476
999 0.483391
2473 0.482474
2362 0.482152
1087 0.481176
2 0.480029
701 0.479893
384 0.479182
552 0.479182
1393 0.478550
3415 0.478265
3336 0.478260
1254 0.477448
2141 0.477172
1903 0.477014
212 0.476895
1627 0.476228
1027 0.476228
1654 0.476115
1848 0.476005
845 0.475629
3014 0.475257
297 0.475204
1607 0.473524
702 0.473016
1773 0.472846
3857 0.472783
2776 0.472700
2067 0.472413
2797 0.472096
3313 0.471444
689 0.471357
3193 0.470565
331 0.470143
1150 0.468867
786 0.468830
598 0.468090
2770 0.466582
934 0.465880
3236 0.465551
2701 0.465521
3513 0.465399
1402 0.464982
3368 0.464357
2766 0.463860
3245 0.463757
574 0.463734
3480 0.463168
882 0.460857
2984 0.459628
433 0.458734
3491 0.458030
2684 0.457874
973 0.457105
3459 0.456598
487 0.456466
1538 0.456279
1363 0.456155
476 0.456092
2768 0.455762
471 0.455499
2948 0.454955
633 0.454890
1877 0.454816
779 0.454691
2025 0.454382
3238 0.453938
1539 0.453608
725 0.453047
178 0.452981
248 0.452587
3356 0.452135
763 0.451596
1727 0.450996
512 0.450562
1550 0.450130
2678 0.449821
246 0.449699
161 0.449404
2099 0.448937
1311 0.448852
1614 0.448519
2415 0.447949
922 0.447892
969 0.447266
3707 0.446491
2060 0.446313
2819 0.445193
1873 0.444936
3462 0.444632
3905 0.444607
2574 0.444329
767 0.443946
2682 0.443370
933 0.443160
3266 0.443002
156 0.442947
2465 0.442680
2700 0.442280
1162 0.442211
2532 0.442168
3262 0.441982
2673 0.441879
3129 0.441154
3637 0.441014
988 0.440962
2688 0.440798
1738 0.440048
2907 0.439210
3735 0.438922
2389 0.438351
777 0.438290
3337 0.438088
1169 0.437644
2204 0.437550
2779 0.437415
2565 0.437098
1996 0.437098
560 0.436576
477 0.436531
931 0.436389
3371 0.436149
2502 0.436025
2957 0.435762
307 0.435234
2858 0.434746
3410 0.434675
3760 0.434479
482 0.434082
3840 0.433679
572 0.432452
467 0.432452
1297 0.432400
3627 0.432265
612 0.430154
2938 0.429753
683 0.429627
381 0.429600
352 0.429464
2924 0.429448
466 0.429155
511 0.428869
1340 0.428038
1838 0.427806
3606 0.427793
2379 0.427726
3223 0.426301
3726 0.426202
970 0.425687
1154 0.425580
1253 0.424280
1071 0.424280
1974 0.424269
1294 0.423914
3186 0.423183
3171 0.423171
825 0.423156
1641 0.423142
77 0.422766
1811 0.422756
534 0.422686
131 0.422532
3663 0.422369
420 0.421642
32 0.421531
3242 0.421099
257 0.421032
1801 0.420465
2213 0.419941
634 0.419789
2051 0.419784
157 0.417064
3773 0.416817
87 0.416605
3547 0.415876
4018 0.415660
1112 0.413875
1518 0.413552
3848 0.412668
3787 0.412369
2954 0.412258
626 0.411995
614 0.411708
3050 0.410150
1994 0.410142
1846 0.410014
1141 0.409915
3311 0.408715
3398 0.408244
811 0.407859
1013 0.407804
3349 0.407584
3630 0.407314
421 0.407050
3157 0.406886
3167 0.406776
2402 0.405890
1508 0.405595
1436 0.405059
3578 0.405022
2888 0.404991
791 0.404710
3296 0.404677
2977 0.404538
85 0.404348
2057 0.404184
458 0.404156
3527 0.404126
3304 0.403169
380 0.402278
1965 0.402197
753 0.401993
1249 0.401677
1485 0.401632
2058 0.400955
3431 0.400940
1527 0.400134
1208 0.400037
1906 0.399760
3815 0.399541
3901 0.399459
478 0.399248
1457 0.398722
1682 0.398635
3852 0.398324
3075 0.398044
2830 0.397859
893 0.396772
3216 0.396575
1679 0.395636
3697 0.395556
2651 0.395135
3812 0.394979
1756 0.394908
1268 0.394265
258 0.393731
741 0.393470
3943 0.393343
121 0.393260
132 0.393106
3290 0.393084
2835 0.392915
3583 0.392832
536 0.392829
1090 0.392654
494 0.392426
3121 0.391510
1519 0.390772
2277 0.390740
1015 0.390560
3260 0.388319
102 0.387956
2234 0.386255
1851 0.386229
3189 0.385952
2462 0.385584
1190 0.384910
1796 0.384089
2762 0.383579
3565 0.383457
1595 0.382601
3897 0.382455
1053 0.382288
2466 0.382267
2265 0.382028
974 0.381678
1664 0.381574
1526 0.381159
3806 0.381072
1077 0.380947
1095 0.380945
3925 0.380416
3802 0.380021
1734 0.379763
2531 0.379570
1412 0.379471
39 0.378973
1012 0.378770
3671 0.378388
2825 0.377636
959 0.377603
2903 0.377346
1790 0.377190
730 0.376357
2114 0.376292
3485 0.376258
139 0.376090
588 0.375994
3379 0.375894
3517 0.375326
356 0.375311
1633 0.374815
1774 0.374776
3160 0.374094
3766 0.374083
1028 0.373869
1670 0.373717
2591 0.372990
529 0.372762
1424 0.372273
1115 0.371842
2179 0.371817
3343 0.371083
462 0.369677
1351 0.369247
2710 0.368996
1418 0.368860
3929 0.368762
3585 0.368588
1915 0.368581
1635 0.368278
2393 0.367887
1852 0.367183
646 0.366944
3194 0.366029
1780 0.365626
276 0.364142
1562 0.363455
3003 0.363440
2838 0.363440
709 0.362705
1005 0.362007
2435 0.361920
73 0.361637
2967 0.361129
1913 0.360861
2759 0.360225
2082 0.359409
3390 0.358237
2687 0.357885
222 0.357772
22 0.357640
2727 0.357618
846 0.356343
3190 0.356286
2193 0.355835
1054 0.355740
778 0.355623
2164 0.355582
57 0.355076
1578 0.354859
283 0.354526
1772 0.354233
794 0.354146
2621 0.353757
1754 0.353528
663 0.352835
894 0.350904
1316 0.350833
71 0.350397
3769 0.350211
772 0.350086
576 0.348657
3039 0.348494
2400 0.348422
3946 0.348338
3781 0.348338
3144 0.348126
2523 0.348072
1195 0.347222
3845 0.346867
799 0.346781
3294 0.346772
2015 0.346504
3164 0.345727
528 0.345656
3785 0.345555
2505 0.345022
2709 0.344929
2316 0.344880
4011 0.344798
2198 0.344680
3715 0.344347
1486 0.344248
3566 0.344190
2274 0.343006
3895 0.341875
2845 0.341699
1934 0.341480
3620 0.341230
976 0.341144
1575 0.340941
905 0.339980
1460 0.339756
929 0.339614
134 0.338157
196 0.338059
2413 0.337942
270 0.337606
1438 0.337448
1201 0.337401
2685 0.337294
269 0.337191
1640 0.337082
2312 0.336919
3276 0.336011
2407 0.335481
2238 0.335279
425 0.335143
2210 0.334755
3744 0.334499
3717 0.334499
3691 0.334499
3560 0.334499
1977 0.334459
2554 0.333881
1693 0.333371
1023 0.331985
2443 0.331904
1728 0.330915
831 0.330448
3452 0.330314
495 0.329374
166 0.329225
347 0.328991
3430 0.328300
30 0.328251
2735 0.328145
2641 0.328023
3208 0.327962
333 0.327434
105 0.327388
1458 0.326994
3970 0.326892
451 0.325912
3042 0.324918
994 0.324242
1884 0.323477
2859 0.322841
1928 0.322697
2167 0.322443
558 0.321983
914 0.321958
411 0.321740
2392 0.321649
1638 0.320792
868 0.320685
865 0.320685
3306 0.320291
2964 0.320098
568 0.319723
2255 0.319359
3286 0.318748
202 0.318198
919 0.318064
274 0.317568
345 0.317503
3976 0.317081
1422 0.316980
418 0.316633
989 0.316622
3641 0.316561
1451 0.316030
2769 0.315647
123 0.315486
1392 0.315404
2360 0.314380
2422 0.314176
472 0.314125
575 0.313409
1081 0.313239
3007 0.312718
1350 0.311635
2794 0.310942
796 0.310793
1157 0.309267
3173 0.308541
869 0.308289
3515 0.307809
2747 0.306698
410 0.306571
459 0.306290
3215 0.305465
3762 0.305221
3563 0.305097
2476 0.304998
3093 0.304963
3878 0.304958
587 0.303951
765 0.303786
3156 0.303577
1384 0.303426
2293 0.303036
2947 0.302661
488 0.302469
1817 0.302452
3393 0.302439
3818 0.302355
3110 0.301008
2885 0.300940
129 0.300482
97 0.300397
253 0.300397
3780 0.300013
3827 0.299636
1748 0.299553
639 0.299384
3844 0.299317
3228 0.299133
1287 0.298835
3855 0.298642
2953 0.298531
1989 0.297728
1186 0.297289
2353 0.296916
1489 0.296611
2350 0.296491
3618 0.296196
3683 0.295581
3937 0.295263
3289 0.295166
162 0.295020
126 0.294601
2285 0.293595
601 0.293569
1963 0.293547
3043 0.293188
2898 0.291696
2518 0.291295
1061 0.290989
3380 0.290821
3507 0.290511
706 0.290404
490 0.290336
3269 0.289933
2019 0.289602
890 0.289409
1057 0.288529
1961 0.288315
75 0.288001
1220 0.287384
920 0.286694
3450 0.286657
1542 0.286169
1094 0.286048
2162 0.284966
2514 0.284522
1832 0.284494
2941 0.284359
2050 0.283947
1870 0.283822
3069 0.283396
2168 0.283367
86 0.282713
813 0.282660
1572 0.282514
3522 0.281899
2373 0.281164
1501 0.281135
4005 0.280659
1477 0.279247
2733 0.277859
2186 0.277687
3772 0.277458
491 0.277224
3058 0.276578
3668 0.276101
2066 0.275977
3771 0.275885
1784 0.275605
1336 0.275591
2632 0.275419
1400 0.275416
928 0.275015
262 0.274780
220 0.274780
737 0.274042
327 0.273875
124 0.273359
2576 0.272920
2119 0.272913
2562 0.272608
3399 0.272459
1219 0.272423
837 0.272159
155 0.272136
2744 0.271074
1836 0.270442
2808 0.269679
1248 0.269142
2893 0.268828
3694 0.268694
2609 0.267991
426 0.267564
3068 0.267233
1398 0.267204
2358 0.267122
1678 0.266870
1646 0.266727
2375 0.266666
2547 0.266279
3940 0.265853
716 0.265515
3373 0.265457
2424 0.264410
965 0.263916
628 0.263759
349 0.263209
1073 0.263058
1745 0.262760
54 0.261712
1933 0.261569
1196 0.261306
3404 0.260545
3741 0.259910
446 0.259485
245 0.259375
2303 0.258300
2431 0.258050
621 0.258001
3913 0.257792
2987 0.257721
3389 0.257034
3614 0.256889
1907 0.254856
3414 0.254724
3409 0.254436
693 0.254345
844 0.254278
1618 0.253892
3250 0.253393
2105 0.252926
2968 0.252815
940 0.252642
998 0.252032
120 0.251466
1251 0.251059
1760 0.250603
96 0.250220
90 0.250198
47 0.250198
286 0.250198
145 0.250198
401 0.250156
377 0.250156
382 0.250124
3885 0.250104
1224 0.250019
3109 0.249630
2923 0.249319
923 0.247904
45 0.247559
1044 0.247524
2895 0.246097
733 0.245478
2826 0.245132
3537 0.243901
3340 0.243741
3165 0.243529
3421 0.243264
3388 0.242543
1805 0.242274
3205 0.241900
3733 0.241874
3484 0.241171
3447 0.240765
2270 0.239515
2707 0.238707
1223 0.238132
2044 0.237989
2262 0.237683
201 0.237438
1389 0.236355
832 0.236265
1007 0.236182
1193 0.235508
375 0.234951
1241 0.234646
1278 0.234435
1092 0.234226
1042 0.232498
3658 0.232041
3424 0.232012
3770 0.231851
3319 0.230922
2330 0.230531
3754 0.230385
2965 0.230366
1383 0.229849
293 0.229809
112 0.229809
3328 0.228816
2850 0.228554
2876 0.227842
2705 0.225840
899 0.225037
502 0.224866
449 0.224624
55 0.224582
3784 0.224457
3170 0.223157
2100 0.223001
790 0.222167
762 0.221856
2136 0.220823
2725 0.220623
2737 0.220621
2230 0.220515
1901 0.220235
836 0.219322
3357 0.218725
3934 0.217718
1443 0.217666
3270 0.217233
723 0.216879
3817 0.216613
1068 0.216368
2606 0.216128
1445 0.216077
146 0.215491
1937 0.215482
2310 0.215158
1264 0.214859
1908 0.214654
843 0.214511
3249 0.213855
3352 0.213178
3632 0.213164
1792 0.213021
1658 0.212753
151 0.212297
1481 0.212260
2883 0.211868
3254 0.211600
808 0.211525
1058 0.211054
2790 0.211022
2055 0.210850
66 0.210572
3243 0.210208
416 0.210197
3059 0.210134
3871 0.209254
3326 0.208468
2256 0.207951
2287 0.207487
679 0.207021
2961 0.206729
1492 0.206685
3777 0.206572
533 0.206447
722 0.206276
2070 0.205993
3151 0.205698
3315 0.205616
1708 0.205591
1869 0.204498
3359 0.203949
1900 0.203551
657 0.202952
850 0.202238
3199 0.202037
76 0.201874
2519 0.201773
1532 0.201483
2834 0.201159
3654 0.200459
3543 0.199665
2981 0.199479
50 0.199048
176 0.198970
3192 0.198292
1883 0.198278
3067 0.197991
3619 0.197637
2584 0.197484
3939 0.196471
229 0.196012
877 0.195234
1987 0.194685
3876 0.194316
2432 0.194268
3574 0.193276
1592 0.193067
1385 0.193050
943 0.192900
2891 0.192222
2137 0.192195
480 0.192043
3893 0.190993
985 0.190728
2441 0.188636
549 0.188572
46 0.188451
435 0.187790
2080 0.187361
3418 0.187307
1093 0.186512
2530 0.186510
165 0.185824
3009 0.185424
1769 0.185422
1461 0.185404
1140 0.185334
2158 0.184828
314 0.184153
1381 0.183894
2239 0.183880
2517 0.182610
3839 0.182607
3281 0.182513
1476 0.181827
3133 0.181323
1764 0.181248
3024 0.181000
1069 0.180995
247 0.180953
3941 0.180610
4003 0.180549
3660 0.179140
2884 0.179136
228 0.178692
2096 0.178105
2990 0.177704
586 0.177360
3333 0.177131
3763 0.175757
1407 0.175644
535 0.175332
590 0.174900
1295 0.174206
1342 0.173853
691 0.173212
3767 0.171842
1180 0.171179
1875 0.170719
4028 0.170091
290 0.170055
117 0.169793
950 0.169621
3953 0.168612
1723 0.168612
1200 0.168478
775 0.166968
749 0.166968
255 0.166865
241 0.166865
1293 0.166334
2908 0.164906
1843 0.164620
3607 0.164491
900 0.164306
454 0.163773
2427 0.162894
3445 0.162880
69 0.162803
2847 0.162229
2878 0.162214
3512 0.162201
3899 0.162140
298 0.161886
1930 0.161540
2536 0.161254
2130 0.161034
1524 0.160073
1203 0.159741
3914 0.159080
569 0.159004
3653 0.158966
3030 0.158552
3317 0.158122
802 0.157243
1498 0.155794
1552 0.154781
163 0.154464
3441 0.154014
2065 0.153550
405 0.153543
1853 0.153542
38 0.152698
2801 0.151514
3428 0.150903
2298 0.150647
565 0.150502
3889 0.150004
1063 0.149458
1865 0.149176
2723 0.148900
1286 0.148562
103 0.148348
3973 0.148082
3952 0.147931
44 0.147873
1759 0.147780
676 0.147591
3292 0.147425
3631 0.147315
2980 0.147232
986 0.146804
295 0.146357
1265 0.145910
655 0.145361
3958 0.144502
1830 0.144058
2452 0.143200
972 0.142602
3600 0.142554
268 0.142506
2016 0.142242
1364 0.141740
1346 0.141704
16 0.141007
1252 0.140560
1631 0.140156
3520 0.139436
3367 0.139390
65 0.137968
1244 0.137273
1517 0.136648
2899 0.136266
1152 0.136020
926 0.135810
3834 0.135010
1802 0.134363
1950 0.133874
1490 0.133087
1892 0.132551
3358 0.132182
27 0.131240
2227 0.131177
1455 0.131155
341 0.130940
826 0.130697
1949 0.130532
2288 0.130468
2251 0.129753
1372 0.129373
2311 0.128940
4036 0.128425
3163 0.127863
3681 0.127455
3805 0.126417
1301 0.126375
1365 0.125306
751 0.125227
52 0.125198
205 0.125198
3875 0.125104
3944 0.124897
1397 0.124856
3755 0.124268
2208 0.124024
2182 0.123806
2816 0.123477
406 0.122956
3210 0.122762
2900 0.122664
2634 0.122361
3227 0.121910
152 0.121673
499 0.121635
785 0.120887
3334 0.120825
190 0.120549
1982 0.120452
1484 0.119690
1116 0.118724
2544 0.117602
2571 0.117369
3432 0.115985
3832 0.114926
2752 0.114656
2163 0.114091
987 0.114062
3461 0.114048
317 0.113464
3310 0.112994
3666 0.112734
2258 0.112630
672 0.111020
1771 0.110994
300 0.110936
2454 0.109550
2048 0.109078
3736 0.108733
79 0.108150
440 0.106538
3572 0.105998
2882 0.105433
235 0.105377
690 0.105257
996 0.104910
3816 0.104753
3788 0.104391
2605 0.104090
2922 0.104021
2767 0.103769
3492 0.102936
3843 0.102891
2995 0.102400
3724 0.102323
2942 0.102081
2177 0.101874
1091 0.101548
667 0.101159
541 0.101132
2012 0.100537
468 0.100156
443 0.100156
3808 0.100104
3992 0.099923
4037 0.099829
3991 0.099111
821 0.099059
756 0.098485
3217 0.098411
2178 0.098248
1762 0.098017
1168 0.097083
2008 0.096424
340 0.096196
34 0.095869
2205 0.095285
344 0.095280
521 0.095201
318 0.094750
3088 0.094283
2252 0.094035
61 0.093565
4033 0.092930
221 0.092737
715 0.092347
3143 0.091876
812 0.091223
2572 0.090779
1602 0.090730
1474 0.090527
3159 0.088681
2635 0.088340
2014 0.087367
2545 0.086929
1353 0.086312
2917 0.085888
106 0.084600
1854 0.083352
1394 0.083352
3796 0.082208
2388 0.082189
2383 0.082082
1039 0.081956
1008 0.081884
1556 0.081550
3936 0.081486
700 0.081110
2305 0.080992
2695 0.080588
935 0.080563
338 0.079760
1164 0.077910
311 0.076757
540 0.076729
2736 0.076416
3044 0.076169
206 0.076068
2295 0.075308
10 0.072425
1084 0.072415
2788 0.071464
1270 0.071447
1924 0.071140
759 0.070552
2166 0.070290
485 0.070084
3015 0.069450
3811 0.069076
3112 0.069066
1143 0.068985
1038 0.067918
649 0.067374
3552 0.066893
3305 0.066270
3673 0.066106
289 0.065113
3859 0.064686
1777 0.064506
704 0.063492
1952 0.063219
710 0.063191
3699 0.062886
880 0.061438
3457 0.060998
3678 0.060922
743 0.060251
761 0.060013
3977 0.059439
1821 0.059420
629 0.058977
3197 0.058700
1521 0.057991
1411 0.057899
3429 0.057827
3588 0.057799
2185 0.057409
2568 0.057263
3092 0.057250
294 0.056646
442 0.056639
3603 0.056435
3890 0.056224
1103 0.056211
1710 0.055553
593 0.055308
3978 0.054822
2481 0.052989
2746 0.052854
2804 0.052378
2013 0.051977
788 0.051474
3175 0.051144
70 0.050198
2496 0.048955
4032 0.048879
4006 0.048879
2971 0.048296
3795 0.048176
1700 0.047941
721 0.047268
1697 0.046911
160 0.045653
154 0.045653
3882 0.045536
1326 0.045473
3413 0.045066
3161 0.044687
3965 0.044542
1506 0.044115
3494 0.043612
1546 0.043173
3689 0.042718
60 0.042696
321 0.042638
2580 0.042428
3910 0.042307
2975 0.042012
841 0.041968
2541 0.041683
2382 0.041683
2249 0.040921
735 0.040645
3712 0.040539
2811 0.039192
562 0.039082
1887 0.038981
1401 0.038095
3202 0.037971
2802 0.037623
2021 0.037030
1579 0.036888
2613 0.036813
2952 0.036747
1031 0.035832
208 0.035074
1856 0.034849
240 0.034331
390 0.034227
3323 0.033891
379 0.031406
1439 0.030845
1874 0.030298
907 0.029870
1354 0.029487
191 0.029271
660 0.029218
3436 0.029120
63 0.028525
3235 0.028438
216 0.027976
1713 0.027903
3807 0.027882
3575 0.027853
2814 0.027813
3983 0.026152
1034 0.026025
1855 0.025085
3370 0.024596
2522 0.024464
2219 0.024417
2852 0.023991
2493 0.023892
3922 0.022831
1151 0.022662
1022 0.022514
859 0.022506
267 0.021938
2599 0.021771
371 0.021594
2692 0.021528
1263 0.021180
530 0.021020
385 0.020387
1510 0.020287
2998 0.019947
3375 0.019501
316 0.019429
3589 0.019335
2175 0.019142
3582 0.017994
671 0.017962
3686 0.017619
3467 0.017559
336 0.017499
3942 0.017345
1414 0.016898
2714 0.016690
1558 0.016685
250 0.015781
3865 0.015282
945 0.014934
138 0.014904
3955 0.014833
3732 0.014810
1775 0.013855
3688 0.013617
699 0.013459
3094 0.013438
2857 0.012856
35 0.012698
365 0.012566
448 0.012308
4034 0.012045
3959 0.010742
2740 0.010036
2704 0.010036
279 0.010002
2963 0.009816
1065 0.009634
164 0.009278
3765 0.009238
854 0.008784
1147 0.008517
851 0.008472
1239 0.008175
288 0.007067
2855 0.006636
2524 0.006501
610 0.006231
673 0.006169
652 0.006169
1463 0.006121
183 0.005754
2380 0.005571
3597 0.005386
571 0.005335
744 0.005155
125 0.005107
3879 0.004377
3854 0.004377
750 0.004366
305 0.003796
3134 0.003767
1362 0.003698
2860 0.003676
3704 0.003675
1430 0.003467
648 0.003185
1233 0.002892
207 0.002693
2798 0.002420
1395 0.002212
3928 0.002128
1969 0.002122
656 0.002060
1417 0.002022
3408 0.001996
1651 0.001969
2722 0.001809
153 0.001383
3282 0.001164
3125 0.001162
234 0.000897
1967 0.000677
1690 0.000591
1755 0.000359
1176 0.000313
3006 0.000304
2442 0.000252
1276 0.000133
1262 0.000085
