107 1034
1684 786
1912 747
3437 534
0 333
2543 294
2347 291
1888 254
1800 245
1663 235
2266 234
1352 234
483 231
348 226
1730 226
1985 224
1941 223
2233 222
2142 221
1431 220
1199 217
1584 211
2206 210
1768 209
2611 207
2410 207
2229 207
2218 205
2047 205
1589 205
1086 205
2078 204
2123 203
1993 203
2464 202
1746 202
2560 201
2507 201
2240 201
1827 201
2244 200
2309 199
1983 199
2602 198
2340 198
2131 198
2088 198
1126 198
2590 197
2369 197
2324 197
2604 196
2542 196
2607 195
2220 195
2073 195
1804 195
2188 194
2172 193
2059 193
1390 193
2150 192
1943 192
2526 191
2428 191
1946 191
1833 191
2601 190
2331 190
2201 190
1917 190
1612 190
1377 190
2090 189
1938 189
1621 189
2624 188
2564 188
2384 188
2118 188
2586 187
2030 187
1962 187
1714 187
2625 186
2184 186
2064 186
1559 186
2615 185
2593 185
2275 185
1707 185
2290 184
2111 184
2103 184
2414 183
2323 183
1078 183
2600 182
2339 182
1835 182
1613 182
1376 182
2500 181
2104 181
2326 180
2271 180
2395 179
2376 179
1610 179
2492 178
2409 178
2139 178
1984 178
1399 178
2468 177
2354 177
2093 177
1622 177
2381 176
2045 176
1979 176
1971 176
2199 175
1391 175
2278 174
2043 174
2630 173
2553 173
2200 173
2037 173
2033 173
1211 173
2356 172
2081 172
1966 172
2140 171
2007 171
1551 171
2404 170
1577 170
2460 169
2124 169
1471 169
686 168
2655 168
2374 168
2352 168
2190 168
2069 168
925 167
2363 167
946 166
2638 166
2328 166
1367 166
2559 165
2520 165
2423 165
1839 165
1059 165
2619 164
2598 164
2578 164
2108 164
2054 163
2550 162
2074 162
2549 161
2446 161
2283 161
1918 161
2482 160
2333 160
2289 160
2154 160
2112 160
1554 160
2133 159
1516 159
2551 158
2370 158
2121 158
2020 158
1184 158
2253 157
2308 156
2087 156
1813 156
1736 156
1522 156
1185 156
2561 155
2299 155
2257 155
2005 155
1718 155
993 154
2282 154
2276 154
2095 154
2408 153
1986 153
2573 152
2040 152
1799 152
1238 152
2654 151
2504 151
2348 151
1929 151
1557 151
414 150
2336 150
1879 150
1017 149
2187 148
1604 148
1420 148
916 147
2433 147
2359 147
2083 147
2032 147
1146 147
2430 146
2122 146
1945 146
1662 146
1331 146
2495 145
1793 145
1603 145
2546 144
2292 142
2117 142
1447 142
1222 142
1132 142
1076 142
1006 142
2575 141
2521 141
2307 141
2084 141
2068 141
2063 141
1107 141
2539 140
2511 140
2212 140
2386 139
2334 139
2153 139
1717 139
1153 139
2510 138
2138 138
2839 137
2485 137
1669 137
1361 137
1250 137
2115 136
2086 136
1598 136
1329 136
2646 135
2555 135
2469 135
2109 135
1997 135
1488 135
1256 135
2509 134
2183 134
1926 134
376 133
2216 133
136 133
2471 132
2102 132
1456 132
1175 132
3363 131
2556 131
1816 131
1791 131
1757 131
1509 131
917 130
2623 130
2467 130
2268 130
1902 130
1124 130
2279 129
2261 129
2224 129
2072 129
980 128
2165 128
2149 128
1620 128
1335 128
2642 127
2629 127
1823 127
1665 127
896 126
2484 126
2463 126
2077 126
1750 126
1269 126
2592 125
2327 125
1925 125
1491 125
1230 125
2506 124
2461 124
2329 124
2237 124
1689 124
1570 124
1467 124
1277 124
1255 124
2302 123
2071 123
2046 123
2038 123
1953 123
1920 123
1867 123
1683 123
1341 123
1101 123
1079 123
475 122
3101 122
2754 122
2649 122
2319 122
2300 122
2294 122
2247 122
1668 122
1547 122
1330 122
1117 122
2491 121
2344 121
2125 121
1868 121
1783 121
1761 121
2174 120
1959 120
1947 120
1267 120
1004 120
3291 119
2241 119
1849 119
1842 119
2418 117
2176 117
2098 117
1675 117
1617 117
1608 117
1600 117
1520 117
1125 117
3082 116
2742 116
2631 116
2579 116
2567 116
2223 116
966 115
947 115
637 115
428 115
3397 115
2056 115
2053 115
1752 115
1721 115
1173 115
2617 114
2180 114
1619 114
1214 114
3426 113
3320 113
2477 113
2306 113
2189 113
1809 113
1291 113
1172 113
2552 112
2127 112
2039 112
1597 112
1563 112
1370 112
1243 112
1416 111
2563 110
2351 110
2196 110
1191 110
953 109
2451 109
2419 109
2338 109
2250 109
2194 109
2169 109
1735 109
1104 109
3830 108
3090 108
2489 108
2398 108
1948 108
1465 108
967 107
484 107
3434 107
3280 107
2966 107
1864 107
1302 107
1235 107
1204 107
921 106
2944 106
2532 106
2060 106
2052 106
2028 106
1409 106
1083 106
1048 106
3232 105
2597 105
2512 105
2372 105
1886 105
1712 105
1530 105
978 104
517 104
2877 104
2863 104
1741 104
1305 104
960 103
3116 103
2574 103
2332 103
2213 103
1789 103
353 102
2951 102
2786 102
2143 102
1826 102
1810 102
1459 102
1205 102
1149 102
3051 101
2582 101
1898 101
1845 101
2986 100
2719 100
2643 100
2616 100
2203 100
1643 100
1623 100
1339 100
1334 100
1163 100
412 99
3078 99
2793 99
2661 99
2608 99
2533 99
2458 99
1861 99
1637 99
1156 99
1014 99
526 98
2782 98
2508 98
2210 98
1128 98
366 97
3387 97
2669 97
2475 97
1786 97
1583 97
1345 97
1192 97
997 96
363 96
3026 96
2956 96
2591 96
2462 96
2042 96
2026 96
1964 96
1483 96
1271 96
2778 95
2716 95
2537 95
2394 95
2246 95
1932 95
1688 95
1591 95
1003 95
373 94
2594 94
2498 94
2436 94
2377 94
2179 94
2132 94
3330 93
2694 93
2679 93
2554 93
2499 93
2478 93
1954 93
1940 93
1685 93
1480 93
1242 93
3201 92
2960 92
2927 92
2906 92
2392 92
2164 92
2128 92
1955 92
1609 92
1288 92
606 91
563 91
3154 91
3000 91
2915 91
2588 91
2434 91
2273 91
1344 91
3035 90
2254 90
2148 90
1605 90
1472 90
1449 90
1322 90
513 89
3417 89
3150 89
2755 89
2730 89
2407 89
1795 89
1573 89
1181 89
3038 88
3033 88
2890 88
2516 88
2191 88
2135 88
1819 88
1590 88
1160 88
538 87
3324 87
2916 87
1989 87
1290 87
3596 86
3252 86
3198 86
3076 86
2928 86
2429 86
2353 86
2151 86
1963 86
566 85
553 85
3152 85
2750 85
2313 85
2134 85
2002 85
1380 85
1289 85
1024 85
952 84
580 84
3351 84
3348 84
3132 84
2010 84
1479 84
1462 84
1388 84
1359 84
1272 84
1227 84
559 83
500 83
497 83
3938 83
3545 83
3104 83
3054 83
2910 83
2777 83
2757 83
2738 83
2676 83
2664 83
2267 83
1893 83
1580 83
1198 83
934 82
3350 82
2943 82
2833 82
2800 82
2161 82
1871 82
1753 82
1659 82
1628 82
1536 82
1049 82
561 81
2849 81
2420 81
1652 81
3185 80
3022 80
2867 80
1729 80
1661 80
1312 80
1075 80
1026 80
828 79
3226 79
2925 79
2589 79
2368 79
2343 79
2325 79
1939 79
1916 79
1899 79
1742 79
1737 79
1632 79
1539 79
1032 79
1029 79
906 78
56 78
465 78
3060 78
3056 78
2866 78
2828 78
2683 78
2144 78
1639 78
1070 78
999 77
395 77
2909 77
2901 77
2472 77
2399 77
1636 77
1596 77
1358 77
1323 77
67 76
3604 76
3396 76
3347 76
3344 76
3096 76
3084 76
3049 76
2872 76
2501 76
2062 76
2058 76
1280 76
1209 76
1067 76
927 75
3362 75
2913 75
2864 75
2827 75
2748 75
2606 75
2264 75
3360 74
3174 74
2920 74
2905 74
2136 74
1653 74
1402 74
1375 74
1347 74
1231 74
651 73
400 73
3339 73
2973 73
2873 73
271 73
2315 73
2055 73
1857 73
1373 73
506 72
3267 72
322 72
3195 72
3172 72
3002 72
2992 72
2904 72
2653 72
2391 72
1970 72
1611 72
1538 72
1475 72
1207 72
713 71
438 71
431 71
370 71
3277 71
3140 71
3120 71
2969 71
2862 71
2232 71
2101 71
1891 71
1796 71
1614 71
1470 71
1298 71
1221 71
1123 71
3406 70
3284 70
3019 70
3017 70
2919 70
2869 70
2724 70
2674 70
2445 70
2417 70
2235 70
1972 70
1844 70
1703 70
1528 70
1502 70
1110 70
705 69
525 69
3321 69
3145 69
3119 69
2939 69
2911 69
2698 69
25 69
2396 69
1644 69
1540 69
1523 69
1515 69
982 68
374 68
3342 68
3182 68
3179 68
3113 68
2603 68
26 68
2438 68
2287 68
1338 68
1282 68
1261 68
1135 68
1066 68
544 67
3684 67
3302 67
2706 67
2689 67
1820 67
1782 67
1630 67
1574 67
1495 67
1351 67
1040 67
1028 67
995 66
897 66
805 66
641 66
460 66
3247 66
3240 66
3149 66
3027 66
2880 66
2781 66
2304 66
2171 66
1765 66
1576 66
1427 66
1366 66
1287 66
1182 66
1158 66
1130 66
1085 66
957 65
942 65
507 65
492 65
3633 65
3433 65
3345 65
3335 65
3098 65
2994 65
277 65
252 65
2364 65
2116 65
21 65
1973 65
1715 65
1148 65
1056 65
1047 65
719 64
524 64
514 64
3064 64
2940 64
1994 64
1951 64
1877 64
1535 64
1426 64
1320 64
1273 64
1100 64
932 63
698 63
567 63
3419 63
3297 63
3274 63
3256 63
3233 63
3214 63
3117 63
3108 63
2988 63
2937 63
2763 63
2729 63
2536 63
1995 63
1894 63
1811 63
1487 63
1340 63
122 63
1074 63
1052 63
983 62
417 62
378 62
3411 62
3366 62
3353 62
3332 62
3239 62
3136 62
3106 62
3073 62
3070 62
2853 62
1709 62
1457 62
119 62
515 61
456 61
391 61
3838 61
3756 61
3184 61
3169 61
3146 61
3115 61
2991 61
2912 61
2894 61
2666 61
1772 61
1680 61
1423 61
1159 61
1021 61
436 60
422 60
3378 60
3299 60
3293 60
2985 60
2936 60
2796 60
2465 60
2001 60
1716 60
1691 60
1571 60
1413 60
1284 60
1237 60
1129 60
1080 60
3948 59
3851 59
2974 59
2946 59
2780 59
239 59
2280 59
2243 59
1724 59
1505 59
824 58
542 58
503 58
3521 58
3263 58
2989 58
2810 58
2659 58
2215 58
1824 58
1504 58
1201 58
1036 58
1020 58
1019 58
9 57
747 57
745 57
423 57
419 57
402 57
3611 57
3162 57
2815 57
2773 57
2741 57
2385 57
203 57
200 57
1980 57
1794 57
1754 57
1525 57
1469 57
1275 57
1166 57
1082 57
1009 57
823 56
493 56
3495 56
315 56
3142 56
2993 56
2640 56
2538 56
2284 56
1923 56
1876 56
1828 56
1722 56
1655 56
1645 56
1437 56
1435 56
1099 56
954 55
830 55
432 55
408 55
3877 55
3224 55
3077 55
304 55
2620 55
2365 55
2285 55
2259 55
2198 55
2018 55
1981 55
1927 55
1919 55
1542 55
1432 55
1336 55
1292 55
1285 55
1257 55
975 54
941 54
694 54
3381 54
3355 54
3261 54
3220 54
3025 54
2945 54
2897 54
2717 54
2645 54
2547 54
2293 54
2211 54
2126 54
1998 54
1862 54
1473 54
1396 54
1219 54
1112 54
1054 54
461 53
3416 53
3391 53
3385 53
3065 53
3004 53
2931 53
2749 53
2680 53
2031 53
2024 53
1881 53
1587 53
1393 53
1369 53
930 52
781 52
697 52
3980 52
3577 52
3403 52
3386 52
3158 52
3111 52
3089 52
3085 52
3029 52
2875 52
2753 52
2657 52
2345 52
2006 52
1513 52
1454 52
1448 52
404 51
3456 51
3253 51
3206 51
3188 51
3107 51
3087 51
3040 51
2743 51
2610 51
2311 51
2226 51
1882 51
1807 51
1725 51
1379 51
1120 51
1102 51
1060 51
1018 51
520 50
3824 50
3677 50
3501 50
3327 50
3052 50
3047 50
3021 50
2896 50
2806 50
2665 50
2387 50
2378 50
2367 50
2022 50
2004 50
1935 50
1872 50
1751 50
1692 50
1647 50
1616 50
1405 50
1404 50
1092 50
98 49
3804 49
3800 49
3793 49
3734 49
3584 49
3435 49
3384 49
3364 49
3137 49
3102 49
2787 49
2720 49
2652 49
2609 49
2473 49
2447 49
2390 49
2258 49
2202 49
2137 49
1991 49
1863 49
1841 49
1734 49
1723 49
1720 49
1549 49
1482 49
1327 49
1195 49
1122 49
1068 49
556 48
389 48
3506 48
3288 48
3287 48
3265 48
3168 48
2950 48
2929 48
2648 48
2647 48
2518 48
2330 48
2159 48
2075 48
2061 48
2003 48
188 48
1732 48
1569 48
1496 48
1303 48
1293 48
1041 48
981 47
724 47
444 47
3971 47
397 47
3966 47
3930 47
3672 47
3593 47
3488 47
3448 47
3258 47
3204 47
2874 47
285 47
2765 47
199 47
1914 47
1770 47
1485 47
1259 47
1229 47
1217 47
1113 47
959 46
902 46
596 46
591 46
545 46
527 46
3968 46
3365 46
3295 46
3114 46
3072 46
2758 46
2583 46
2479 46
2459 46
2449 46
2322 46
2222 46
1859 46
1832 46
170 46
1460 46
1389 46
1051 46
924 45
827 45
688 45
3790 45
3449 45
3442 45
3412 45
3298 45
2881 45
2756 45
272 45
2681 45
2576 45
2361 45
2009 45
1702 45
1180 45
1179 45
1155 45
913 44
853 44
40 44
3906 44
3758 44
3586 44
3272 44
3118 44
2970 44
2955 44
2835 44
2785 44
2712 44
2239 44
2027 44
186 44
1812 44
1565 44
1398 44
1315 44
1279 44
834 43
703 43
523 43
504 43
463 43
439 43
3926 43
3797 43
3680 43
360 43
3369 43
332 43
3034 43
3014 43
3005 43
280 43
2502 43
2145 43
2110 43
2092 43
1960 43
1687 43
1572 43
1545 43
142 43
1309 43
1236 43
1215 43
1108 43
984 42
452 42
3902 42
3640 42
3576 42
3257 42
3011 42
2958 42
2871 42
2225 42
2057 42
1851 42
1831 42
1706 42
1699 42
1529 42
1374 42
1365 42
1349 42
1332 42
1258 42
988 41
695 41
592 41
3924 41
3842 41
3514 41
3296 41
3238 41
3207 41
3177 41
3097 41
2976 41
2914 41
2770 41
2633 41
2627 41
2415 41
2221 41
2192 41
2155 41
2147 41
1909 41
1873 41
172 41
1582 41
1524 41
1382 41
1318 41
1281 41
968 40
784 40
537 40
531 40
496 40
3731 40
3422 40
3301 40
3196 40
3191 40
2932 40
2924 40
2921 40
2887 40
2585 40
2242 40
2011 40
1921 40
1903 40
1843 40
1774 40
1766 40
1673 40
1324 40
1245 40
1210 40
113 40
856 39
815 39
630 39
579 39
3962 39
392 39
3737 39
3605 39
355 39
3316 39
325 39
323 39
3219 39
3079 39
2996 39
2865 39
2494 39
2488 39
2157 39
213 39
1976 39
1957 39
1942 39
1931 39
1911 39
1595 39
1532 39
1190 39
1001 39
948 38
898 38
820 38
752 38
728 38
555 38
430 38
388 38
3873 38
3705 38
3702 38
3692 38
3674 38
3558 38
3455 38
3395 38
3166 38
3036 38
2823 38
2728 38
2675 38
2660 38
2636 38
261 38
2297 38
2129 38
2097 38
1846 38
1837 38
1790 38
1787 38
1778 38
1733 38
169 38
1682 38
1634 38
1550 38
1548 38
1429 38
1304 38
1260 38
1189 38
1114 38
1109 38
944 37
936 37
842 37
819 37
800 37
774 37
557 37
479 37
455 37
3860 37
3829 37
3629 37
3625 37
3399 37
313 37
3086 37
3046 37
3020 37
2718 37
2672 37
2662 37
2639 37
2416 37
236 37
2318 37
2236 37
2107 37
2049 37
1895 37
1744 37
1740 37
1626 37
1553 37
1507 37
1407 37
1392 37
1371 37
1360 37
1355 37
1348 37
1343 37
109 37
1037 37
773 36
726 36
394 36
387 36
3528 36
3525 36
3331 36
3303 36
3228 36
3213 36
291 36
2854 36
2658 36
2529 36
2476 36
2425 36
2406 36
2379 36
2371 36
2366 36
2346 36
2317 36
2231 36
2209 36
1987 36
1975 36
1897 36
1848 36
1767 36
1677 36
1666 36
1578 36
1517 36
1446 36
1337 36
1278 36
1216 36
118 36
1170 36
1115 36
1097 36
1015 36
1010 36
989 35
915 35
766 35
604 35
570 35
3951 35
3810 35
3794 35
3568 35
3529 35
3400 35
3346 35
3304 35
3212 35
3135 35
3129 35
3023 35
3001 35
2751 35
2637 35
2525 35
2519 35
2397 35
2337 35
2274 35
1968 35
1878 35
1686 35
1649 35
1624 35
1555 35
1533 35
1514 35
1246 35
1226 35
1118 35
971 34
903 34
901 34
829 34
82 34
780 34
669 34
482 34
420 34
409 34
3945 34
3900 34
3884 34
368 34
3540 34
342 34
3250 34
3187 34
3100 34
2953 34
2772 34
2708 34
2668 34
2626 34
2440 34
2335 34
2296 34
2091 34
2029 34
1999 34
1958 34
1798 34
1694 34
1656 34
1638 34
1635 34
1512 34
1452 34
1438 34
1425 34
1408 34
1313 34
1183 34
963 33
683 33
654 33
487 33
434 33
398 33
3841 33
3722 33
3687 33
3617 33
3599 33
3553 33
3542 33
3518 33
3234 33
3123 33
2977 33
2850 33
2840 33
2783 33
2745 33
2448 33
2067 33
2000 33
1567 33
1543 33
1541 33
1534 33
1519 33
1508 33
1458 33
1350 33
1333 33
1142 33
1136 33
969 32
908 32
810 32
614 32
573 32
548 32
547 32
473 32
3947 32
3869 32
3858 32
3833 32
3826 32
3782 32
367 32
3651 32
3475 32
3313 32
3255 32
3062 32
3010 32
2907 32
2715 32
2411 32
2393 32
2228 32
1884 32
1880 32
1806 32
1763 32
1728 32
1727 32
1671 32
1601 32
1593 32
1444 32
1378 32
1316 32
1283 32
1188 32
1131 32
104 32
1012 32
1011 32
992 31
696 31
53 31
471 31
3918 31
3557 31
3464 31
3394 31
3377 31
3341 31
3264 31
3259 31
3248 31
3203 31
2841 31
2836 31
2739 31
2713 31
2711 31
2690 31
2613 31
2557 31
2540 31
2412 31
2163 31
2021 31
1910 31
1866 31
1606 31
1468 31
1451 31
1406 31
1357 31
1307 31
1300 31
13 31
1299 31
1265 31
922 30
849 30
760 30
754 30
718 30
609 30
560 30
546 30
511 30
3921 30
3822 30
3738 30
3721 30
3526 30
3486 30
329 30
3160 30
3148 30
3124 30
3018 30
2999 30
2832 30
2571 30
2544 30
2355 30
2173 30
211 30
2085 30
2035 30
2025 30
1907 30
1904 30
1818 30
1785 30
1695 30
1511 30
1436 30
1415 30
1225 30
1081 30
990 29
938 29
919 29
787 29
739 29
708 29
645 29
512 29
3886 29
3764 29
3750 29
3711 29
3693 29
3468 29
3415 29
3275 29
3016 29
2892 29
2844 29
2843 29
2731 29
2673 29
2530 29
2303 29
2272 29
2234 29
1944 29
1858 29
1850 29
1825 29
1568 29
1500 29
1497 29
1428 29
1232 29
1137 29
1116 29
1025 29
764 28
687 28
653 28
488 28
3828 28
3730 28
3728 28
3469 28
3460 28
334 28
3260 28
3237 28
3231 28
3225 28
3080 28
2829 28
2784 28
2768 28
2761 28
2684 28
2628 28
2612 28
2432 28
2389 28
2350 28
2342 28
224 28
1885 28
1875 28
1642 28
1503 28
1453 28
1440 28
141 28
128 28
1167 28
1044 28
994 27
962 27
847 27
840 27
770 27
680 27
481 27
445 27
396 27
3825 27
3740 27
3718 27
3635 27
3609 27
3590 27
3559 27
346 27
339 27
3285 27
3243 27
3193 27
3176 27
3041 27
2987 27
2908 27
2846 27
2813 27
2797 27
2775 27
2705 27
265 27
2644 27
2480 27
2435 27
223 27
2214 27
2156 27
1821 27
1758 27
1705 27
1679 27
1667 27
1381 27
1319 27
1310 27
1164 27
1106 27
1064 27
1039 27
977 26
964 26
814 26
797 26
731 26
727 26
678 26
62 26
619 26
510 26
458 26
415 26
3907 26
3870 26
3867 26
3835 26
3821 26
3714 26
3713 26
3710 26
3690 26
369 26
359 26
3569 26
354 26
3466 26
3440 26
3319 26
3273 26
324 26
3221 26
312 26
2845 26
2734 26
2701 26
2663 26
2566 26
2474 26
2341 26
2065 26
1900 26
185 26
1847 26
1781 26
1743 26
1738 26
1494 26
1493 26
1464 26
1314 26
1306 26
1212 26
1196 26
1165 26
1072 26
1035 26
933 25
738 25
644 25
636 25
617 25
601 25
583 25
519 25
451 25
421 25
3969 25
3943 25
3831 25
3753 25
3706 25
3636 25
3505 25
3480 25
3471 25
3390 25
3379 25
3279 25
3215 25
3211 25
3178 25
3170 25
3081 25
2978 25
297 25
2812 25
2764 25
2497 25
2427 25
2362 25
232 25
2044 25
2023 25
1836 25
1803 25
1769 25
1764 25
1704 25
1681 25
1674 25
1672 25
1648 25
1625 25
161 25
1592 25
158 25
1561 25
1556 25
1321 25
1296 25
1274 25
976 24
958 24
862 24
817 24
72 24
662 24
661 24
659 24
658 24
643 24
627 24
618 24
615 24
600 24
578 24
489 24
41 24
3956 24
3927 24
3891 24
3707 24
3643 24
3578 24
3508 24
3497 24
3463 24
3438 24
3337 24
3262 24
3209 24
308 24
3013 24
3007 24
2984 24
2819 24
2795 24
2733 24
2702 24
2686 24
2581 24
249 24
242 24
2383 24
2286 24
2160 24
2146 24
2141 24
1988 24
1815 24
1660 24
1618 24
1615 24
1421 24
1419 24
1311 24
1247 24
1171 24
1139 24
1121 24
1095 24
949 23
845 23
80 23
792 23
734 23
681 23
675 23
670 23
640 23
599 23
495 23
494 23
418 23
3768 23
3719 23
3667 23
3642 23
3628 23
361 23
3534 23
3527 23
352 23
3491 23
3431 23
3420 23
3294 23
3286 23
3223 23
3186 23
3163 23
31 23
3075 23
2981 23
2618 23
2531 23
2443 23
238 23
2310 23
2295 23
2120 23
2089 23
2050 23
1928 23
1870 23
1801 23
1773 23
1633 23
1588 23
1450 23
1433 23
1286 23
1228 23
1098 23
94 22
838 22
677 22
650 22
635 22
632 22
597 22
577 22
539 22
536 22
48 22
469 22
450 22
3933 22
3931 22
3915 22
3909 22
3852 22
3836 22
3747 22
3670 22
3656 22
3634 22
3573 22
3511 22
3509 22
3443 22
3306 22
3199 22
3039 22
3032 22
2967 22
2891 22
2870 22
2851 22
2830 22
2807 22
2803 22
2759 22
2558 22
2496 22
2208 22
2207 22
2197 22
204 22
1936 22
1906 22
1852 22
1805 22
1779 22
1747 22
171 22
1629 22
1531 22
1526 22
1489 22
1484 22
1412 22
1400 22
1294 22
1223 22
1063 22
1062 22
972 21
926 21
92 21
848 21
701 21
625 21
589 21
582 21
543 21
416 21
3896 21
3803 21
3791 21
3786 21
3761 21
3697 21
3648 21
3601 21
3554 21
350 21
3499 21
3430 21
3380 21
3236 21
320 21
3139 21
303 21
2948 21
2868 21
2848 21
2762 21
2737 21
2687 21
2622 21
2570 21
248 21
2401 21
231 21
2288 21
2096 21
2036 21
1726 21
1650 21
1439 21
1418 21
1410 21
1363 21
1317 21
115 21
1144 21
1127 21
1069 21
951 20
88 20
835 20
807 20
803 20
793 20
758 20
711 20
7 20
684 20
620 20
565 20
558 20
516 20
474 20
457 20
403 20
3850 20
3845 20
3618 20
3615 20
3555 20
3538 20
3510 20
3500 20
3462 20
3458 20
3421 20
3356 20
3318 20
331 20
3276 20
3103 20
3042 20
302 20
299 20
2949 20
2938 20
2934 20
2918 20
2859 20
2825 20
2667 20
2635 20
2577 20
2405 20
2260 20
1990 20
1965 20
180 20
1780 20
1771 20
1585 20
1575 20
1566 20
148 20
1356 20
1328 20
1308 20
1241 20
1213 20
1187 20
1091 20
991 19
755 19
748 19
647 19
616 19
595 19
59 19
518 19
462 19
425 19
4030 19
3866 19
3862 19
3785 19
3779 19
3776 19
3759 19
3752 19
3743 19
3725 19
3627 19
3623 19
362 19
3612 19
3608 19
3591 19
3550 19
3535 19
3496 19
3493 19
3485 19
3393 19
3329 19
3325 19
3307 19
3289 19
3278 19
326 19
3241 19
3189 19
3171 19
3138 19
3009 19
2962 19
2889 19
2809 19
2794 19
2789 19
2779 19
2735 19
2696 19
2670 19
2641 19
2587 19
2572 19
2400 19
2314 19
2249 19
2019 19
1982 19
194 19
1913 19
1745 19
1719 19
1698 19
1658 19
1537 19
1424 19
134 19
1169 19
1161 19
101 19
973 18
809 18
795 18
783 18
779 18
777 18
772 18
720 18
706 18
676 18
666 18
665 18
605 18
603 18
554 18
446 18
426 18
4023 18
3972 18
3957 18
3913 18
3903 18
3881 18
3868 18
3774 18
3741 18
3698 18
3645 18
357 18
3498 18
3474 18
3450 18
343 18
3414 18
3404 18
3359 18
3328 18
3309 18
3300 18
3173 18
3109 18
2979 18
2964 18
2917 18
2856 18
2831 18
276 18
2703 18
2693 18
266 18
2650 18
257 18
2534 18
2486 18
2426 18
2349 18
2248 18
2186 18
2170 18
2152 18
212 18
2082 18
2016 18
1883 18
184 18
1678 18
1646 18
1501 18
133 18
1325 18
123 18
1174 18
1141 18
940 17
939 17
905 17
741 17
709 17
685 17
664 17
623 17
551 17
55 17
424 17
413 17
3960 17
3837 17
3762 17
3760 17
3757 17
375 17
372 17
3683 17
3662 17
3646 17
3602 17
3587 17
3571 17
3564 17
3563 17
3519 17
3517 17
3478 17
3473 17
3392 17
3383 17
3382 17
3373 17
3312 17
3194 17
3167 17
3110 17
3057 17
3043 17
30 17
3 17
2983 17
2972 17
2965 17
2959 17
2947 17
2858 17
2726 17
2614 17
2605 17
254 17
2523 17
2413 17
2403 17
23 17
2298 17
2291 17
2185 17
2181 17
214 17
2076 17
2048 17
1952 17
1860 17
1784 17
175 17
1700 17
1481 17
1478 17
1186 17
116 17
1152 17
1033 17
1 17
965 16
914 16
818 16
804 16
778 16
737 16
634 16
611 16
598 16
508 16
486 16
470 16
3967 16
3950 16
3920 16
3898 16
3861 16
3809 16
3802 16
3780 16
3735 16
3658 16
3620 16
3579 16
3546 16
3524 16
3470 16
3465 16
3452 16
345 16
3423 16
3410 16
3409 16
3374 16
3340 16
3326 16
3314 16
330 16
3283 16
3192 16
3144 16
3093 16
3069 16
3068 16
3050 16
3008 16
2923 16
2879 16
284 16
2818 16
281 16
2697 16
2682 16
2656 16
2503 16
2455 16
2454 16
2444 16
24 16
2320 16
2312 16
2305 16
2277 16
2099 16
197 16
19 16
187 16
1830 16
1829 16
1756 16
1676 16
1594 16
1564 16
1441 16
1397 16
137 16
132 16
130 16
127 16
103 16
1007 16
1000 16
970 15
931 15
839 15
833 15
831 15
822 15
806 15
771 15
769 15
730 15
66 15
633 15
612 15
584 15
57 15
569 15
521 15
509 15
410 15
407 15
3976 15
3975 15
3964 15
3929 15
3917 15
3912 15
39 15
3889 15
3883 15
3855 15
3815 15
3792 15
3739 15
3726 15
3708 15
3703 15
3701 15
3696 15
3695 15
3685 15
3655 15
3649 15
3613 15
3610 15
3574 15
3562 15
3549 15
3533 15
3532 15
3490 15
3484 15
3479 15
3476 15
3472 15
3459 15
3402 15
3371 15
3357 15
3242 15
3222 15
3208 15
3205 15
3157 15
3095 15
3058 15
3048 15
2995 15
2982 15
2888 15
2883 15
2820 15
2746 15
2707 15
2700 15
2677 15
2584 15
258 15
2513 15
2490 15
2402 15
2270 15
227 15
2162 15
2119 15
2114 15
2012 15
20 15
1992 15
1978 15
1922 15
1889 15
1869 15
1817 15
1710 15
1544 15
144 15
1434 15
14 15
1385 15
1249 15
1234 15
1197 15
1177 15
1084 15
1077 15
1042 15
85 14
844 14
794 14
768 14
765 14
763 14
75 14
736 14
732 14
722 14
714 14
693 14
626 14
590 14
588 14
576 14
440 14
3998 14
3982 14
3937 14
3874 14
3872 14
3823 14
3818 14
3799 14
3773 14
3715 14
3675 14
3663 14
3624 14
3595 14
3567 14
3561 14
3523 14
3516 14
3481 14
3454 14
3361 14
3343 14
3315 14
3249 14
3246 14
3245 14
3244 14
3229 14
3210 14
3151 14
3066 14
3061 14
3024 14
2997 14
2957 14
2933 14
290 14
2876 14
2837 14
2822 14
2771 14
274 14
2599 14
2562 14
2522 14
251 14
246 14
2453 14
2262 14
226 14
2205 14
2193 14
1901 14
1808 14
176 14
1739 14
1641 14
159 14
1518 14
149 14
1422 14
1150 14
1143 14
1138 14
111 14
1089 14
1088 14
1055 14
105 14
1005 14
99 13
961 13
920 13
907 13
900 13
889 13
87 13
843 13
84 13
837 13
789 13
782 13
762 13
753 13
729 13
712 13
682 13
646 13
622 13
528 13
505 13
5 13
490 13
3944 13
3895 13
3892 13
3847 13
3819 13
3783 13
3778 13
3769 13
3679 13
3657 13
3644 13
3630 13
3592 13
3556 13
3547 13
3512 13
3503 13
3483 13
3482 13
3405 13
3352 13
3156 13
314 13
3130 13
310 13
3067 13
2990 13
2968 13
2954 13
29 13
2821 13
28 13
2766 13
2747 13
2744 13
2727 13
2710 13
2699 13
2524 13
2515 13
2357 13
2238 13
2217 13
2070 13
196 13
1930 13
1874 13
178 13
1749 13
1748 13
17 13
1492 13
1266 13
1178 13
1090 13
108 13
943 12
909 12
857 12
836 12
799 12
79 12
751 12
742 12
723 12
716 12
65 12
628 12
575 12
568 12
535 12
477 12
45 12
442 12
4014 12
3979 12
3949 12
3919 12
3840 12
3832 12
382 12
3817 12
381 12
3788 12
3784 12
3763 12
3736 12
3654 12
3639 12
3622 12
3616 12
3594 12
3581 12
3541 12
341 12
3349 12
3292 12
3281 12
3254 12
3190 12
3155 12
3112 12
3105 12
3028 12
2935 12
2847 12
2791 12
2769 12
2723 12
2709 12
2685 12
2450 12
2373 12
2360 12
198 12
1950 12
1934 12
1892 12
1853 12
1822 12
1802 12
173 12
1696 12
1602 12
156 12
1527 12
1499 12
143 12
1401 12
1384 12
1364 12
1251 12
1244 12
121 12
1045 12
1043 12
1013 12
986 11
974 11
876 11
863 11
826 11
639 11
631 11
629 11
58 11
574 11
522 11
502 11
50 11
491 11
405 11
4031 11
4021 11
3997 11
3994 11
3940 11
3863 11
3857 11
380 11
3796 11
3668 11
3638 11
3621 11
36 11
3598 11
3536 11
3515 11
3446 11
3367 11
3358 11
3311 11
3202 11
3200 11
318 11
3153 11
3141 11
3092 11
3063 11
3012 11
298 11
2961 11
2941 11
2900 11
2878 11
2861 11
2852 11
2816 11
2760 11
2695 11
2688 11
268 11
2568 11
2535 11
2466 11
2424 11
2265 11
222 11
22 11
2177 11
2130 11
2105 11
1933 11
1915 11
1905 11
1887 11
177 11
168 11
1670 11
165 11
1599 11
150 11
140 11
1268 11
1218 11
1134 11
1094 11
1050 11
1030 11
979 10
956 10
955 10
950 10
878 10
861 10
850 10
813 10
759 10
756 10
73 10
715 10
707 10
69 10
587 10
541 10
532 10
459 10
449 10
437 10
435 10
433 10
429 10
4009 10
4004 10
4 10
3934 10
3888 10
3880 10
3878 10
3777 10
3770 10
3767 10
3766 10
3720 10
3681 10
3664 10
3659 10
3641 10
3631 10
3614 10
3583 10
3543 10
3539 10
3520 10
3487 10
3425 10
3418 10
3388 10
3164 10
3133 10
3128 10
3099 10
309 10
3088 10
3083 10
3053 10
3015 10
295 10
2942 10
2926 10
2886 10
2882 10
2826 10
2802 10
2801 10
278 10
275 10
2452 10
2439 10
2316 10
2301 10
2255 10
2252 10
225 10
2158 10
2113 10
2014 10
2 10
1908 10
1840 10
1814 10
181 10
1788 10
1708 10
1562 10
1463 10
146 10
1411 10
1368 10
135 10
1342 10
1073 10
1061 10
10 10
998 9
96 9
928 9
912 9
888 9
885 9
821 9
816 9
811 9
808 9
786 9
78 9
776 9
746 9
690 9
68 9
663 9
564 9
529 9
466 9
427 9
4038 9
4026 9
4017 9
4000 9
3995 9
3986 9
3958 9
3894 9
3876 9
38 9
3775 9
3682 9
3671 9
3666 9
364 9
3603 9
3580 9
3566 9
3551 9
3531 9
3522 9
3507 9
3492 9
344 9
3439 9
3427 9
337 9
3368 9
3354 9
3338 9
3334 9
3308 9
328 9
3269 9
3251 9
3218 9
3122 9
306 9
2895 9
2834 9
2804 9
2790 9
273 9
2678 9
2545 9
2514 9
2487 9
230 9
2281 9
2251 9
218 9
2166 9
2080 9
2066 9
2051 9
2013 9
1977 9
195 9
1896 9
1631 9
16 9
1490 9
1477 9
1445 9
1443 9
1403 9
139 9
1387 9
1239 9
1220 9
1202 9
1193 9
1154 9
1140 9
1111 9
1093 9
1023 9
1016 9
100 9
93 8
923 8
91 8
89 8
886 8
882 8
880 8
867 8
812 8
8 8
767 8
761 8
740 8
733 8
725 8
710 8
702 8
689 8
672 8
60 8
594 8
540 8
54 8
534 8
501 8
478 8
441 8
4020 8
4019 8
399 8
3981 8
3973 8
3932 8
3914 8
3905 8
3901 8
3871 8
385 8
3843 8
3827 8
3814 8
3789 8
3772 8
3755 8
3754 8
3723 8
3712 8
3647 8
3626 8
3607 8
3585 8
3572 8
3548 8
3530 8
3504 8
3502 8
3461 8
3428 8
3401 8
3398 8
3376 8
333 8
3322 8
3266 8
3235 8
3197 8
319 8
3181 8
3180 8
3131 8
3126 8
3045 8
3030 8
2930 8
2903 8
2898 8
2893 8
2805 8
2799 8
2732 8
2725 8
260 8
259 8
2548 8
2456 8
243 8
2421 8
221 8
2182 8
2175 8
217 8
2041 8
2034 8
1956 8
1949 8
1865 8
1775 8
1731 8
1697 8
1640 8
162 8
1506 8
1461 8
1414 8
1248 8
1203 8
1162 8
1103 8
106 8
1053 8
1008 8
985 7
937 7
935 7
890 7
881 7
874 7
872 7
871 7
870 7
869 7
83 7
798 7
796 7
791 7
700 7
679 7
657 7
64 7
621 7
586 7
549 7
51 7
480 7
4027 7
4018 7
4002 7
3988 7
3961 7
3941 7
393 7
3923 7
3916 7
3911 7
3908 7
3904 7
3899 7
3864 7
3834 7
3813 7
3812 7
3771 7
3716 7
3700 7
3669 7
3652 7
3600 7
3552 7
347 7
3445 7
3436 7
3424 7
3389 7
338 7
3372 7
3336 7
3333 7
3323 7
3317 7
3216 7
317 7
3165 7
3159 7
311 7
3094 7
300 7
296 7
2902 7
2811 7
2752 7
2651 7
2632 7
263 7
2528 7
237 7
2321 7
2263 7
2256 7
2245 7
2227 7
2094 7
208 7
2017 7
2008 7
1974 7
1961 7
189 7
1701 7
167 7
1654 7
1552 7
151 7
1372 7
131 7
129 7
126 7
1240 7
1087 7
1058 7
987 6
95 6
895 6
887 6
879 6
873 6
86 6
846 6
825 6
77 6
691 6
655 6
63 6
6 6
533 6
498 6
476 6
44 6
4013 6
3993 6
3989 6
3985 6
3977 6
3970 6
3963 6
3936 6
390 6
3893 6
3859 6
3848 6
3806 6
3751 6
3749 6
3745 6
3727 6
3724 6
3665 6
3661 6
3660 6
365 6
3632 6
3513 6
3477 6
3457 6
3447 6
3441 6
3432 6
340 6
3370 6
3270 6
3217 6
32 6
3175 6
3161 6
3127 6
3091 6
3074 6
3055 6
3044 6
2899 6
2884 6
2824 6
2776 6
2774 6
2767 6
2721 6
269 6
2671 6
2621 6
2580 6
2517 6
2493 6
2388 6
2375 6
2358 6
229 6
219 6
2100 6
1924 6
1890 6
1855 6
1838 6
1792 6
1759 6
1664 6
163 6
1521 6
1498 6
147 6
1301 6
1297 6
1263 6
1254 6
117 6
1168 6
1151 6
1133 6
102 6
929 5
910 5
866 5
864 5
858 5
802 5
735 5
721 5
704 5
671 5
649 5
610 5
593 5
562 5
485 5
472 5
464 5
46 5
453 5
4003 5
3925 5
3890 5
3887 5
3849 5
3844 5
3839 5
3805 5
3795 5
3787 5
3742 5
371 5
3694 5
3678 5
3676 5
3637 5
3606 5
3544 5
351 5
349 5
3489 5
3444 5
3429 5
34 5
3310 5
3305 5
3290 5
3271 5
3227 5
3147 5
3059 5
2980 5
283 5
2817 5
2736 5
27 5
2692 5
264 5
2634 5
2505 5
250 5
245 5
2437 5
2431 5
2422 5
235 5
2230 5
2219 5
2167 5
2015 5
193 5
192 5
1797 5
1777 5
1776 5
1711 5
1657 5
1607 5
1579 5
152 5
1486 5
1476 5
1455 5
1442 5
1417 5
1354 5
1346 5
1295 5
1264 5
1157 5
1147 5
110 5
1057 5
1038 5
996 4
945 4
894 4
893 4
884 4
877 4
868 4
865 4
855 4
852 4
851 4
832 4
790 4
788 4
757 4
717 4
673 4
652 4
572 4
552 4
530 4
49 4
467 4
406 4
4037 4
4025 4
4016 4
4011 4
4007 4
3999 4
3996 4
3990 4
3978 4
3965 4
3954 4
3953 4
3952 4
3946 4
3939 4
3910 4
3897 4
3882 4
3865 4
384 4
3781 4
3765 4
3686 4
3673 4
3653 4
3619 4
3588 4
3565 4
3537 4
3494 4
327 4
3143 4
3121 4
307 4
3003 4
2971 4
2963 4
289 4
2885 4
288 4
2855 4
2838 4
270 4
262 4
2565 4
2527 4
2441 4
2204 4
220 4
2106 4
206 4
202 4
201 4
1996 4
1969 4
1937 4
190 4
1856 4
1762 4
174 4
1713 4
166 4
1651 4
1510 4
1474 4
1383 4
125 4
124 4
1200 4
120 4
1194 4
1105 4
1031 4
1022 4
1002 4
97 3
904 3
899 3
854 3
81 3
785 3
76 3
743 3
71 3
667 3
660 3
656 3
61 3
571 3
499 3
454 3
448 3
411 3
4033 3
4005 3
3992 3
3991 3
3955 3
3928 3
386 3
383 3
3816 3
3811 3
3801 3
3744 3
3733 3
3717 3
3699 3
3691 3
3689 3
3597 3
3582 3
3575 3
3560 3
356 3
3467 3
3413 3
3375 3
336 3
321 3
3037 3
301 3
2998 3
2975 3
2952 3
294 3
293 3
2922 3
2860 3
2808 3
2798 3
2792 3
2722 3
2714 3
2691 3
2595 3
253 3
2483 3
2481 3
247 3
2442 3
240 3
2380 3
228 3
2178 3
2168 3
207 3
191 3
182 3
179 3
1760 3
1693 3
164 3
1627 3
1586 3
157 3
155 3
1546 3
1362 3
1353 3
1253 3
1252 3
1208 3
112 3
1071 3
1046 3
1034 3
1027 3
90 2
859 2
841 2
775 2
750 2
749 2
744 2
70 2
699 2
648 2
642 2
581 2
52 2
47 2
468 2
443 2
42 2
4036 2
4034 2
4032 2
4029 2
4028 2
4012 2
401 2
4006 2
4001 2
3987 2
3983 2
3959 2
3942 2
3922 2
3885 2
3879 2
3875 2
3854 2
3846 2
3808 2
3807 2
379 2
377 2
3746 2
3732 2
3704 2
3688 2
3589 2
35 2
3408 2
3407 2
33 2
3282 2
3268 2
316 2
3134 2
3125 2
305 2
3006 2
286 2
2857 2
282 2
2814 2
279 2
2788 2
2740 2
2704 2
267 2
256 2
255 2
2541 2
244 2
241 2
2382 2
234 2
233 2
216 2
205 2
1967 2
1854 2
183 2
1755 2
1690 2
160 2
1558 2
154 2
153 2
145 2
1430 2
1395 2
1394 2
138 2
1326 2
1276 2
1270 2
1262 2
1233 2
1224 2
1176 2
1065 2
